EXAMPLE_ID,FAMILY,SEQUENCE
id_forb_0021,mosfet,RECEIVE WAFER LOT|CMP VIA FILL|LOT IDENTIFICATION|PRE CLEAN INSPECTION|MEASURE THICKNESS|MEASURE SURFACE PARTICLES|PRE CLEAN WAFER|WET CLEAN RCA1|RCA CLEAN 2|HF DIP|DRY WAFER|SUBSTRATE CHECK|EPITAXY PREP|EPITAXIAL DEPOSITION|MEASURE EPITAXY THICKNESS|MEASURE RESISTIVITY|EPITAXY ANNEAL|WAFER SURFACE CLEAN|THERMAL OXIDATION|MEASURE OXIDE THICKNESS|SPIN COAT PHOTORESIST|SOFT BAKE|ALIGN MASK LEVEL 1|EXPOSE LITHO LEVEL 1|DEVELOP PHOTORESIST|PATTERN INSPECTION LEVEL 1|HARD BAKE|OXIDE ETCH|STRIP PHOTORESIST|CLEAN AFTER ETCH|MEASURE OPENING CD|IMPLANT WELL|DRIVE IN DIFFUSION|RAPID THERMAL ANNEAL|MEASURE JUNCTION DEPTH|THERMAL OXIDATION|GATE OXIDE PREP|GATE OXIDE GROWTH|MEASURE GATE OXIDE THICKNESS|DEPOSIT POLYSILICON|POLYSILICON ANNEAL|MEASURE POLY THICKNESS|SPIN COAT PHOTORESIST|SOFT BAKE|ALIGN MASK LEVEL 2|EXPOSE LITHO LEVEL 2|DEVELOP PHOTORESIST|POLY PATTERN INSPECTION|POLYSILICON ETCH|STRIP PHOTORESIST|CLEAN AFTER POLY ETCH|MEASURE GATE CD|IMPLANT SOURCE DRAIN|LIGHT ANNEAL|MEASURE SHEET RESISTANCE|DEPOSIT SPACER DIELECTRIC|ANISOTROPIC ETCH SPACER|MEASURE SPACER WIDTH|IMPLANT LDD|RAPID THERMAL ANNEAL|MEASURE JUNCTION PROFILE|DEPOSIT INTERLAYER DIELECTRIC|DENSIFY OXIDE|MEASURE DIELECTRIC THICKNESS|CMP DIELECTRIC|MEASURE PLANARITY|SPIN COAT PHOTORESIST|SOFT BAKE|ALIGN MASK LEVEL 3|EXPOSE LITHO LEVEL 3|DEVELOP PHOTORESIST|VIA OPENING INSPECTION|VIA ETCH|STRIP RESIST|CLEAN AFTER VIA ETCH|DEPOSIT BARRIER METAL|DEPOSIT METAL SEED|FILL VIA METAL|MEASURE CONTACT RESISTANCE|DEPOSIT METAL 1|ANNEAL METAL|SPIN COAT PHOTORESIST|SOFT BAKE|ALIGN MASK LEVEL 4|EXPOSE LITHO LEVEL 4|DEVELOP PHOTORESIST|METAL PATTERN INSPECTION|METAL ETCH|STRIP RESIST|CLEAN AFTER METAL ETCH|MEASURE LINE WIDTH|DEPOSIT PASSIVATION LAYER|CURE PASSIVATION|MEASURE PASSIVATION THICKNESS|OPEN PAD WINDOW|PAD WINDOW LITHO|DEVELOP PHOTORESIST|PASSIVATION ETCH|STRIP RESIST|CLEAN PAD OPENING|MEASURE PAD OPENING|BACKSIDE CLEAN|BACKSIDE GRIND|MEASURE THICKNESS|BACKSIDE ETCH CLEAN|BACKSIDE RINSE|BACKSIDE DRY|BACKSIDE METALLIZATION PREP|DEPOSIT BACKSIDE METAL|BACKSIDE ANNEAL|MEASURE BACKSIDE CONTACT|FINAL CLEAN|FINAL THICKNESS MEASURE|FINAL GEOMETRY CHECK|PARAMETRIC TEST|LEAKAGE TEST|THRESHOLD VOLTAGE TEST|SWITCHING TEST|WAFER SORT TEST|YIELD ANALYSIS|LOT RELEASE|SHIP LOT
id_valid_0019,mosfet,RECEIVE WAFER LOT|LOT IDENTIFICATION|INITIAL WAFER INSPECTION|MEASURE THICKNESS|MEASURE SURFACE PARTICLES|PRE CLEAN WAFER|RCA CLEAN 1|WET CLEAN RCA2|HF DIP|DRY WAFER|SUBSTRATE CHECK|EPITAXY PREP|EPITAXIAL DEPOSITION|MEASURE EPITAXY THICKNESS|MEASURE RESISTIVITY|EPITAXY ANNEAL|WAFER SURFACE CLEAN|THERMAL OXIDATION|MEASURE OXIDE THICKNESS|SPIN COAT PHOTORESIST|SOFT BAKE|ALIGN MASK LEVEL 1|EXPOSE LITHO LEVEL 1|DEVELOP PHOTORESIST|PATTERN INSPECTION LEVEL 1|OXIDE ETCH|STRIP RESIST|CLEAN AFTER ETCH|MEASURE OPENING CD|IMPLANT WELL|PRE ANNEAL CHECK|DRIVE IN DIFFUSION|RAPID THERMAL ANNEAL|MEASURE JUNCTION DEPTH|THERMAL OXIDATION|GATE OXIDE PREP|GATE OXIDE GROWTH|MEASURE GATE OXIDE THICKNESS|DEPOSIT POLYSILICON|POLYSILICON ANNEAL|MEASURE POLY THICKNESS|SPIN COAT PHOTORESIST|SOFT BAKE|ALIGN MASK LEVEL 2|EXPOSE LITHO LEVEL 2|POST EXPOSE BAKE|DEVELOP PHOTORESIST|POLY PATTERN INSPECTION|POLYSILICON ETCH|STRIP PHOTORESIST|CLEAN AFTER POLY ETCH|MEASURE GATE CD|IMPLANT SOURCE DRAIN|LIGHT ANNEAL|MEASURE SHEET RESISTANCE|DEPOSIT SPACER DIELECTRIC|ANISOTROPIC ETCH SPACER|MEASURE SPACER WIDTH|IMPLANT LDD|RAPID THERMAL ANNEAL|MEASURE JUNCTION PROFILE|DEPOSIT INTERLEVEL DIELECTRIC|DENSIFY DIELECTRIC|MEASURE DIELECTRIC THICKNESS|CMP INTERLAYER DIELECTRIC|MEASURE PLANARITY|SPIN COAT PHOTORESIST|SOFT BAKE|ALIGN MASK LEVEL 3|EXPOSE LITHO LEVEL 3|DEVELOP PHOTORESIST|VIA INSPECTION|VIA ETCH THROUGH DIELECTRIC|STRIP PHOTORESIST|CLEAN AFTER VIA ETCH|MEASURE VIA CD|DEPOSIT BARRIER METAL|DEPOSIT METAL SEED|FILL VIA METAL|CMP VIA FILL|MEASURE VIA RESISTANCE|DEPOSIT METAL 1|ANNEAL METAL|SPIN COAT PHOTORESIST|SOFT BAKE|ALIGN MASK LEVEL 4|EXPOSE LITHO LEVEL 4|POST EXPOSE BAKE|DEVELOP PHOTORESIST|METAL PATTERN INSPECTION|METAL ETCH|STRIP RESIST|CLEAN AFTER METAL ETCH|MEASURE LINE WIDTH|DEPOSIT PASSIVATION LAYER|CURE PASSIVATION|MEASURE PASSIVATION QUALITY|OPEN PAD WINDOW|OPEN PAD WINDOW LITHO|DEVELOP PHOTORESIST|PASSIVATION ETCH PAD OPENING|STRIP PHOTORESIST|CLEAN PAD OPENING|MEASURE PAD OPENING|BACKSIDE CLEAN|BACKSIDE GRIND|MEASURE WAFER THICKNESS|BACKSIDE ETCH CLEAN|BACKSIDE RINSE|BACKSIDE DRY|BACKSIDE METALLIZATION PREP|DEPOSIT BACKSIDE METAL|BACKSIDE ANNEAL|MEASURE BACKSIDE CONTACT|FINAL CLEAN|FINAL THICKNESS MEASURE|FINAL GEOMETRY CHECK|FINAL PARTICLE INSPECTION|ELECTRICAL PARAMETRIC TEST|LEAKAGE TEST|THRESHOLD VOLTAGE TEST|SWITCHING TEST|WAFER SORT TEST|YIELD ANALYSIS|LOT RELEASE|SHIP LOT
id_valid_0000,igbt,RECEIVE WAFER LOT|LOT IDENTIFICATION|PRE CLEAN INSPECTION|MEASURE INITIAL THICKNESS|MEASURE SURFACE PARTICLES|PRE CLEAN WAFER|BACKSIDE CLEAN|FRONTSIDE CLEAN|RCA CLEAN 1|RCA CLEAN 2|HF DIP|DRY WAFER|EPITAXIAL WAFER CHECK|MEASURE EPITAXY THICKNESS|MEASURE RESISTIVITY|EPITAXIAL LAYER PREP|THERMAL OXIDATION|MEASURE OXIDE THICKNESS|SPIN COAT PHOTORESIST|SOFT BAKE|ALIGN MASK LEVEL 1|EXPOSE LITHO LEVEL 1|DEVELOP PHOTORESIST|INSPECT PATTERN LEVEL 1|OXIDE ETCH DRY|STRIP RESIST|CLEAN AFTER OXIDE ETCH|MEASURE OPENING CD|IMPLANT P BODY|DRIVE IN DIFFUSION|RAPID THERMAL ANNEAL|MEASURE JUNCTION DEPTH|THERMAL OXIDATION|SPIN COAT PHOTORESIST|SOFT BAKE|ALIGN MASK LEVEL 2|EXPOSE LITHO LEVEL 2|DEVELOP PHOTORESIST|P BODY WINDOW INSPECTION|ETCH SILICON OR OXIDE WINDOW|STRIP RESIST|CLEAN AFTER WINDOW ETCH|MEASURE WINDOW CD|IMPLANT N BUFFER|PRE ANNEAL CHECK|RAPID THERMAL ANNEAL|MEASURE SHEET RESISTANCE|DEPOSIT FIELD OXIDE|DENSIFY OXIDE|MEASURE FILM THICKNESS|SPIN COAT PHOTORESIST|SOFT BAKE|ALIGN MASK LEVEL 3|EXPOSE LITHO LEVEL 3|POST EXPOSE BAKE|DEVELOP PHOTORESIST|FIELD PATTERN INSPECTION|FIELD OXIDE ETCH|STRIP RESIST|CLEAN AFTER FIELD ETCH|MEASURE SURFACE UNIFORMITY|IMPLANT SOURCE REGION|IMPLANT DRAIN / CATHODE REGION|PRE ANNEAL CHECK|RAPID THERMAL ANNEAL|DEPOSIT GATE OXIDE OR DIELECTRIC|ANNEAL DIELECTRIC|MEASURE OXIDE QUALITY|DEPOSIT POLYSILICON|POLYSILICON ANNEAL|SPIN COAT PHOTORESIST|SOFT BAKE|ALIGN MASK LEVEL 4|EXPOSE LITHO LEVEL 4|DEVELOP PHOTORESIST|POLY PATTERN INSPECTION|POLYSILICON ETCH DRY|STRIP RESIST|CLEAN AFTER POLY ETCH|MEASURE GATE CD|IMPLANT CHANNEL STOP|PRE ANNEAL CHECK|RAPID THERMAL ANNEAL|MEASURE DEVICE PARAMETER|DEPOSIT INTERLEVEL DIELECTRIC|DENSIFY DIELECTRIC|MEASURE DIELECTRIC THICKNESS|CMP INTERLAYER DIELECTRIC|MEASURE PLANARITY|SPIN COAT PHOTORESIST|SOFT BAKE|ALIGN MASK LEVEL 5|EXPOSE LITHO LEVEL 5|POST EXPOSE BAKE|DEVELOP PHOTORESIST|VIA OPENING INSPECTION|HARD BAKE|DIELECTRIC ETCH VIA|STRIP PHOTORESIST|CLEAN AFTER VIA ETCH|MEASURE VIA CD|DEPOSIT BARRIER METAL|DEPOSIT METAL SEED|FILL VIA METAL|CMP METAL|MEASURE VIA RESISTANCE|DEPOSIT METAL 1|ANNEAL METAL|MEASURE METAL THICKNESS|SPIN COAT PHOTORESIST|SOFT BAKE|ALIGN MASK LEVEL 6|EXPOSE LITHO LEVEL 6|DEVELOP PHOTORESIST|METAL PATTERN INSPECTION|METAL ETCH DRY|STRIP PHOTORESIST|CLEAN AFTER METAL ETCH|DEPOSIT PASSIVATION LAYER|CURE PASSIVATION|MEASURE PASSIVATION QUALITY|OPEN BOND PAD WINDOW|OPEN PAD WINDOW LITHO|DEVELOP PAD WINDOW|PASSIVATION ETCH|STRIP PHOTORESIST|CLEAN PAD OPENING|MEASURE PAD OPENING|BACKSIDE GRIND|MEASURE WAFER THICKNESS|BACKSIDE ETCH CLEAN|BACKSIDE RINSE|BACKSIDE DRY|BACKSIDE METALLIZATION PREP|DEPOSIT BACKSIDE METAL|BACKSIDE ANNEAL|MEASURE BACKSIDE CONTACT|FINAL CLEAN|FINAL THICKNESS MEASURE|FINAL GEOMETRY CHECK|FINAL CD INSPECTION|ELECTRICAL PARAMETRIC TEST|LEAKAGE TEST|BREAKDOWN VOLTAGE TEST|SWITCHING TEST|YIELD ANALYSIS|WAFER SORT TEST|LOT RELEASE|SHIP LOT
id_forb_0035,igbt,RECEIVE WAFER LOT|LOT IDENTIFICATION|PRE CLEAN INSPECTION|MEASURE INITIAL THICKNESS|MEASURE SURFACE PARTICLES|PRE CLEAN WAFER|BACKSIDE CLEAN|FRONTSIDE CLEAN|RCA CLEAN 1|RCA CLEAN 2|HF DIP|DEPOSIT BACKSIDE METAL|EPITAXIAL WAFER CHECK|MEASURE EPITAXY THICKNESS|MEASURE RESISTIVITY|EPITAXIAL LAYER PREP|THERMAL OXIDATION|MEASURE OXIDE THICKNESS|SPIN COAT PHOTORESIST|SOFT BAKE|ALIGN MASK LEVEL 1|EXPOSE LITHO LEVEL 1|DEVELOP PHOTORESIST|INSPECT PATTERN LEVEL 1|HARD BAKE|OXIDE ETCH DRY|STRIP PHOTORESIST|CLEAN AFTER OXIDE ETCH|MEASURE OPENING CD|IMPLANT P BODY|PRE ANNEAL CHECK|DRIVE IN DIFFUSION|RAPID THERMAL ANNEAL|MEASURE JUNCTION DEPTH|THERMAL OXIDATION|SPIN COAT PHOTORESIST|SOFT BAKE|ALIGN MASK LEVEL 2|EXPOSE LITHO LEVEL 2|POST EXPOSE BAKE|DEVELOP PHOTORESIST|P BODY WINDOW INSPECTION|ETCH SILICON OR OXIDE WINDOW|STRIP RESIST|CLEAN AFTER WINDOW ETCH|MEASURE WINDOW CD|IMPLANT N BUFFER|RAPID THERMAL ANNEAL|MEASURE SHEET RESISTANCE|DEPOSIT FIELD OXIDE|DENSIFY OXIDE|MEASURE FILM THICKNESS|SPIN COAT PHOTORESIST|SOFT BAKE|ALIGN MASK LEVEL 3|EXPOSE LITHO LEVEL 3|DEVELOP PHOTORESIST|FIELD PATTERN INSPECTION|FIELD OXIDE ETCH|STRIP RESIST|CLEAN AFTER FIELD ETCH|MEASURE SURFACE UNIFORMITY|IMPLANT SOURCE REGION|IMPLANT DRAIN / CATHODE REGION|PRE ANNEAL CHECK|RAPID THERMAL ANNEAL|MEASURE SHEET RESISTANCE|DEPOSIT GATE OXIDE OR DIELECTRIC|ANNEAL DIELECTRIC|MEASURE OXIDE QUALITY|DEPOSIT POLYSILICON|POLYSILICON ANNEAL|MEASURE POLY THICKNESS|SPIN COAT PHOTORESIST|SOFT BAKE|ALIGN MASK LEVEL 4|EXPOSE LITHO LEVEL 4|DEVELOP PHOTORESIST|POLY PATTERN INSPECTION|POLYSILICON ETCH DRY|STRIP PHOTORESIST|CLEAN AFTER POLY ETCH|MEASURE GATE CD|IMPLANT CHANNEL STOP|PRE ANNEAL CHECK|RAPID THERMAL ANNEAL|DEPOSIT INTERLEVEL DIELECTRIC|DENSIFY OXIDE|MEASURE FILM THICKNESS|CMP INTERLAYER DIELECTRIC|MEASURE PLANARITY|SPIN COAT PHOTORESIST|SOFT BAKE|ALIGN MASK LEVEL 5|EXPOSE LITHO LEVEL 5|DEVELOP PHOTORESIST|VIA INSPECTION|VIA ETCH|STRIP PHOTORESIST|CLEAN AFTER VIA ETCH|MEASURE VIA CD|DEPOSIT BARRIER METAL|DEPOSIT METAL SEED|FILL VIA METAL|CMP VIA FILL|MEASURE CONTACT RESISTANCE|DEPOSIT TOP METAL|ANNEAL METAL 1|MEASURE METAL THICKNESS|SPIN COAT PHOTORESIST|SOFT BAKE|ALIGN MASK LEVEL 6|EXPOSE LITHO LEVEL 6|DEVELOP PHOTORESIST|METAL PATTERN INSPECTION|METAL ETCH DRY|STRIP RESIST|CLEAN AFTER METAL ETCH|MEASURE LINE WIDTH|DEPOSIT PASSIVATION LAYER|CURE PASSIVATION|MEASURE PASSIVATION THICKNESS|OPEN PAD WINDOW|OPEN PAD WINDOW LITHO|DEVELOP PHOTORESIST|PASSIVATION ETCH PAD OPENING|STRIP PHOTORESIST|CLEAN PAD OPENING|MEASURE PAD OPENING|BACKSIDE GRIND|MEASURE WAFER THICKNESS|BACKSIDE ETCH CLEAN|BACKSIDE RINSE|BACKSIDE DRY|BACKSIDE METALLIZATION PREP|BACKSIDE ANNEAL|MEASURE BACKSIDE CONTACT|FINAL CLEAN|FINAL THICKNESS MEASURE|FINAL GEOMETRY CHECK|ELECTRICAL PARAMETRIC TEST|LEAKAGE TEST|BREAKDOWN VOLTAGE TEST|SWITCHING TEST|YIELD ANALYSIS|WAFER SORT TEST|FINAL LOT RELEASE|SHIP LOT
id_valid_0005,igbt,RECEIVE WAFER LOT|LOT IDENTIFICATION|INITIAL WAFER INSPECTION|MEASURE INITIAL THICKNESS|MEASURE SURFACE PARTICLES|PRE CLEAN WAFER|BACKSIDE CLEAN|FRONTSIDE CLEAN|RCA CLEAN 1|RCA CLEAN 2|HF DIP|DRY WAFER|EPITAXIAL WAFER CHECK|MEASURE EPITAXY THICKNESS|MEASURE RESISTIVITY|EPITAXIAL REWORK CHECK|EPITAXIAL LAYER PREP|THERMAL OXIDATION|MEASURE OXIDE THICKNESS|SPIN COAT PHOTORESIST|SOFT BAKE|ALIGN MASK LEVEL 1|EXPOSE LITHO LEVEL 1|POST EXPOSE BAKE|DEVELOP PHOTORESIST|INSPECT PATTERN LEVEL 1|HARD BAKE|OXIDE ETCH DRY|STRIP PHOTORESIST|CLEAN AFTER OXIDE ETCH|IMPLANT P BODY|DRIVE IN DIFFUSION|RAPID THERMAL ANNEAL|MEASURE JUNCTION DEPTH|THERMAL OXIDATION|SPIN COAT PHOTORESIST|SOFT BAKE|ALIGN MASK LEVEL 2|EXPOSE LITHO LEVEL 2|POST EXPOSE BAKE|DEVELOP PHOTORESIST|P BODY WINDOW INSPECTION|HARD BAKE|ETCH SILICON OR OXIDE WINDOW|STRIP PHOTORESIST|CLEAN AFTER WINDOW ETCH|IMPLANT N BUFFER|RAPID THERMAL ANNEAL|MEASURE SHEET RESISTANCE|DEPOSIT FIELD OXIDE|DENSIFY OXIDE|SPIN COAT PHOTORESIST|SOFT BAKE|ALIGN MASK LEVEL 3|EXPOSE LITHO LEVEL 3|DEVELOP PHOTORESIST|FIELD PATTERN INSPECTION|FIELD OXIDE ETCH|STRIP PHOTORESIST|CLEAN AFTER FIELD ETCH|MEASURE SURFACE UNIFORMITY|IMPLANT SOURCE REGION|IMPLANT DRAIN / CATHODE REGION|PRE ANNEAL CHECK|RAPID THERMAL ANNEAL|MEASURE SHEET RESISTANCE|DEPOSIT GATE OXIDE OR DIELECTRIC|ANNEAL DIELECTRIC|MEASURE OXIDE QUALITY|DEPOSIT POLYSILICON|POLYSILICON ANNEAL|MEASURE POLY THICKNESS|SPIN COAT PHOTORESIST|SOFT BAKE|ALIGN MASK LEVEL 4|EXPOSE LITHO LEVEL 4|DEVELOP PHOTORESIST|POLY PATTERN INSPECTION|POLYSILICON ETCH DRY|STRIP PHOTORESIST|CLEAN AFTER POLY ETCH|MEASURE GATE CD|IMPLANT CHANNEL STOP|PRE ANNEAL CHECK|RAPID THERMAL ANNEAL|DEPOSIT INTERLAYER DIELECTRIC|DENSIFY DIELECTRIC|MEASURE DIELECTRIC THICKNESS|CMP DIELECTRIC|MEASURE PLANARITY|SPIN COAT PHOTORESIST|SOFT BAKE|ALIGN MASK LEVEL 5|EXPOSE LITHO LEVEL 5|POST EXPOSE BAKE|DEVELOP PHOTORESIST|VIA OPENING INSPECTION|DIELECTRIC ETCH VIA|STRIP PHOTORESIST|CLEAN AFTER VIA ETCH|MEASURE VIA CD|DEPOSIT BARRIER METAL|DEPOSIT METAL SEED|FILL VIA METAL|CMP METAL|MEASURE VIA RESISTANCE|DEPOSIT METAL 1|ANNEAL METAL|MEASURE METAL THICKNESS|SPIN COAT PHOTORESIST|SOFT BAKE|ALIGN MASK LEVEL 6|EXPOSE LITHO LEVEL 6|POST EXPOSE BAKE|DEVELOP PHOTORESIST|METAL PATTERN INSPECTION|HARD BAKE|METAL ETCH DRY|STRIP RESIST|CLEAN AFTER METAL ETCH|MEASURE LINE WIDTH|DEPOSIT PASSIVATION|CURE PASSIVATION|MEASURE PASSIVATION THICKNESS|OPEN BOND PAD WINDOW|PAD WINDOW LITHO|DEVELOP PHOTORESIST|PASSIVATION ETCH PAD OPENING|STRIP RESIST|CLEAN PAD OPENING|MEASURE PAD OPENING|BACKSIDE GRIND|MEASURE THICKNESS|BACKSIDE ETCH CLEAN|BACKSIDE RINSE|BACKSIDE DRY|BACKSIDE METALLIZATION PREP|DEPOSIT BACKSIDE METAL|BACKSIDE ANNEAL|MEASURE BACKSIDE CONTACT|FINAL CLEAN|FINAL THICKNESS MEASURE|FINAL GEOMETRY CHECK|FINAL CD INSPECTION|FINAL PARTICLE INSPECTION|PARAMETRIC TEST|LEAKAGE TEST|BREAKDOWN VOLTAGE TEST|SWITCHING TEST|WAFER SORT TEST|YIELD ANALYSIS|FINAL LOT RELEASE|SHIP LOT
id_forb_0039,igbt,RECEIVE WAFER LOT|LOT IDENTIFICATION|PRE CLEAN INSPECTION|MEASURE INITIAL THICKNESS|MEASURE SURFACE PARTICLES|PRE CLEAN WAFER|BACKSIDE CLEAN|FRONTSIDE CLEAN|WET CLEAN RCA1|RCA CLEAN 2|HF DIP|DRY WAFER|EPITAXIAL WAFER CHECK|MEASURE EPITAXY THICKNESS|MEASURE RESISTIVITY|EPITAXIAL LAYER PREP|THERMAL OXIDATION|MEASURE OXIDE THICKNESS|SPIN COAT PHOTORESIST|SOFT BAKE|ALIGN MASK LEVEL 1|EXPOSE LITHO LEVEL 1|POST EXPOSE BAKE|DEVELOP PHOTORESIST|INSPECT PATTERN LEVEL 1|HARD BAKE|OXIDE ETCH DRY|STRIP PHOTORESIST|CLEAN AFTER OXIDE ETCH|MEASURE OPENING CD|IMPLANT P BODY|PRE ANNEAL CHECK|DRIVE IN DIFFUSION|RAPID THERMAL ANNEAL|THERMAL OXIDATION|SPIN COAT PHOTORESIST|SOFT BAKE|ALIGN MASK LEVEL 2|EXPOSE LITHO LEVEL 2|DEVELOP PHOTORESIST|P BODY WINDOW INSPECTION|ETCH SILICON OR OXIDE WINDOW|STRIP PHOTORESIST|CLEAN AFTER WINDOW ETCH|MEASURE WINDOW CD|IMPLANT N BUFFER|RAPID THERMAL ANNEAL|MEASURE SHEET RESISTANCE|DEPOSIT FIELD OXIDE|DENSIFY OXIDE|MEASURE FILM THICKNESS|SPIN COAT PHOTORESIST|SOFT BAKE|ALIGN MASK LEVEL 3|EXPOSE LITHO LEVEL 3|DEVELOP PHOTORESIST|FIELD PATTERN INSPECTION|FIELD OXIDE ETCH|STRIP RESIST|CLEAN AFTER FIELD ETCH|IMPLANT SOURCE REGION|IMPLANT DRAIN / CATHODE REGION|PRE ANNEAL CHECK|RAPID THERMAL ANNEAL|DEPOSIT GATE OXIDE OR DIELECTRIC|ANNEAL DIELECTRIC|MEASURE OXIDE QUALITY|DEPOSIT POLYSILICON|POLYSILICON ANNEAL|SPIN COAT PHOTORESIST|SOFT BAKE|ALIGN MASK LEVEL 4|EXPOSE LITHO LEVEL 4|DEVELOP PHOTORESIST|POLY PATTERN INSPECTION|POLYSILICON ETCH DRY|STRIP RESIST|CLEAN AFTER POLY ETCH|MEASURE GATE CD|IMPLANT CHANNEL STOP|PRE ANNEAL CHECK|RAPID THERMAL ANNEAL|MEASURE DEVICE PARAMETER|DEPOSIT INTERLEVEL DIELECTRIC|DENSIFY DIELECTRIC|MEASURE DIELECTRIC THICKNESS|CMP DIELECTRIC|MEASURE PLANARITY|SPIN COAT PHOTORESIST|SOFT BAKE|ALIGN MASK LEVEL 5|EXPOSE LITHO LEVEL 5|DEVELOP PHOTORESIST|VIA OPENING INSPECTION|DIELECTRIC ETCH VIA|STRIP RESIST|CLEAN AFTER VIA ETCH|MEASURE VIA CD|DEPOSIT BARRIER METAL|DEPOSIT METAL SEED|FILL VIA METAL|CMP METAL|DEPOSIT TOP METAL|ANNEAL METAL 1|SPIN COAT PHOTORESIST|SOFT BAKE|ALIGN MASK LEVEL 6|EXPOSE LITHO LEVEL 6|DEVELOP PHOTORESIST|METAL PATTERN INSPECTION|METAL ETCH DRY|STRIP PHOTORESIST|CLEAN AFTER METAL ETCH|DEPOSIT BACKSIDE METAL|MEASURE LINE WIDTH|DEPOSIT PASSIVATION LAYER|CURE PASSIVATION|MEASURE PASSIVATION THICKNESS|OPEN PAD WINDOW|PAD WINDOW LITHO|DEVELOP PHOTORESIST|PASSIVATION ETCH PAD OPENING|STRIP RESIST|CLEAN PAD OPENING|MEASURE PAD OPENING|BACKSIDE GRIND|MEASURE THICKNESS|BACKSIDE ETCH CLEAN|BACKSIDE RINSE|BACKSIDE DRY|BACKSIDE METALLIZATION PREP|BACKSIDE ANNEAL|MEASURE BACKSIDE CONTACT|FINAL CLEAN|FINAL THICKNESS MEASURE|ELECTRICAL PARAMETRIC TEST|LEAKAGE TEST|BREAKDOWN VOLTAGE TEST|SWITCHING TEST|YIELD ANALYSIS|WAFER SORT TEST|LOT RELEASE|SHIP LOT
id_valid_0017,mosfet,RECEIVE WAFER LOT|LOT IDENTIFICATION|INITIAL WAFER INSPECTION|MEASURE THICKNESS|MEASURE SURFACE PARTICLES|PRE CLEAN WAFER|BACKSIDE CLEAN|FRONTSIDE CLEAN|WET CLEAN RCA1|RCA CLEAN 2|HF DIP|DRY WAFER|SUBSTRATE CHECK|EPITAXY PREP|EPITAXIAL DEPOSITION|MEASURE EPITAXY THICKNESS|MEASURE RESISTIVITY|EPITAXY ANNEAL|WAFER SURFACE CLEAN|THERMAL OXIDATION|MEASURE OXIDE THICKNESS|SPIN COAT PHOTORESIST|SOFT BAKE|ALIGN MASK LEVEL 1|EXPOSE LITHO LEVEL 1|DEVELOP PHOTORESIST|PATTERN INSPECTION LEVEL 1|OXIDE ETCH|STRIP PHOTORESIST|CLEAN AFTER ETCH|MEASURE OPENING CD|IMPLANT WELL|DRIVE IN DIFFUSION|RAPID THERMAL ANNEAL|MEASURE JUNCTION DEPTH|THERMAL OXIDATION|GATE OXIDE PREP|GATE OXIDE GROWTH|MEASURE GATE OXIDE THICKNESS|DEPOSIT POLYSILICON|POLYSILICON ANNEAL|MEASURE POLY THICKNESS|SPIN COAT PHOTORESIST|SOFT BAKE|ALIGN MASK LEVEL 2|EXPOSE LITHO LEVEL 2|DEVELOP PHOTORESIST|POLY PATTERN INSPECTION|HARD BAKE|POLYSILICON ETCH|STRIP RESIST|CLEAN AFTER POLY ETCH|MEASURE GATE CD|IMPLANT SOURCE DRAIN|PRE ANNEAL CHECK|LIGHT ANNEAL|MEASURE SHEET RESISTANCE|DEPOSIT SPACER DIELECTRIC|ANISOTROPIC ETCH SPACER|IMPLANT LDD|RAPID THERMAL ANNEAL|DEPOSIT INTERLEVEL DIELECTRIC|DENSIFY OXIDE|MEASURE DIELECTRIC THICKNESS|CMP DIELECTRIC|MEASURE PLANARITY|SPIN COAT PHOTORESIST|SOFT BAKE|ALIGN MASK LEVEL 3|EXPOSE LITHO LEVEL 3|POST EXPOSE BAKE|DEVELOP PHOTORESIST|VIA OPENING INSPECTION|DIELECTRIC ETCH VIA|STRIP RESIST|CLEAN AFTER VIA ETCH|MEASURE VIA CD|DEPOSIT BARRIER METAL|DEPOSIT METAL SEED|FILL VIA METAL|CMP VIA FILL|MEASURE CONTACT RESISTANCE|DEPOSIT TOP METAL|ANNEAL METAL 1|SPIN COAT PHOTORESIST|SOFT BAKE|ALIGN MASK LEVEL 4|EXPOSE LITHO LEVEL 4|DEVELOP PHOTORESIST|METAL PATTERN INSPECTION|HARD BAKE|METAL ETCH|STRIP PHOTORESIST|CLEAN AFTER METAL ETCH|MEASURE LINE WIDTH|DEPOSIT PASSIVATION LAYER|CURE PASSIVATION|MEASURE PASSIVATION THICKNESS|OPEN PAD WINDOW|PAD WINDOW LITHO|DEVELOP PHOTORESIST|PASSIVATION ETCH|STRIP PHOTORESIST|CLEAN PAD OPENING|MEASURE PAD OPENING|BACKSIDE CLEAN|BACKSIDE GRIND|MEASURE WAFER THICKNESS|BACKSIDE ETCH CLEAN|BACKSIDE RINSE|BACKSIDE DRY|BACKSIDE METALLIZATION PREP|DEPOSIT BACKSIDE METAL|BACKSIDE ANNEAL|MEASURE BACKSIDE CONTACT|FINAL CLEAN|FINAL THICKNESS MEASURE|FINAL GEOMETRY CHECK|FINAL PARTICLE INSPECTION|ELECTRICAL PARAMETRIC TEST|LEAKAGE TEST|THRESHOLD VOLTAGE TEST|SWITCHING TEST|WAFER SORT TEST|YIELD ANALYSIS|LOT RELEASE|SHIP LOT
id_forb_0034,mosfet,RECEIVE WAFER LOT|LOT IDENTIFICATION|PRE CLEAN INSPECTION|MEASURE THICKNESS|MEASURE SURFACE PARTICLES|PRE CLEAN WAFER|RCA CLEAN 1|RCA CLEAN 2|HF DIP|SUBSTRATE CHECK|EPITAXY PREP|EPITAXIAL DEPOSITION|MEASURE EPITAXY THICKNESS|MEASURE RESISTIVITY|EPITAXY ANNEAL|WAFER SURFACE CLEAN|THERMAL OXIDATION|MEASURE OXIDE THICKNESS|SPIN COAT PHOTORESIST|SOFT BAKE|ALIGN MASK LEVEL 1|EXPOSE LITHO LEVEL 1|DEVELOP PHOTORESIST|PATTERN INSPECTION LEVEL 1|OXIDE ETCH|STRIP RESIST|CLEAN AFTER ETCH|MEASURE OPENING CD|IMPLANT WELL|PRE ANNEAL CHECK|DRIVE IN DIFFUSION|RAPID THERMAL ANNEAL|THERMAL OXIDATION|GATE OXIDE PREP|GATE OXIDE GROWTH|MEASURE GATE OXIDE THICKNESS|DEPOSIT POLYSILICON|POLYSILICON ANNEAL|MEASURE POLY THICKNESS|SPIN COAT PHOTORESIST|SOFT BAKE|ALIGN MASK LEVEL 2|EXPOSE LITHO LEVEL 2|DEVELOP PHOTORESIST|POLY PATTERN INSPECTION|POLYSILICON ETCH|STRIP PHOTORESIST|CLEAN AFTER POLY ETCH|IMPLANT SOURCE DRAIN|PRE ANNEAL CHECK|LIGHT ANNEAL|MEASURE SHEET RESISTANCE|DEPOSIT SPACER DIELECTRIC|ANISOTROPIC ETCH SPACER|MEASURE SPACER WIDTH|IMPLANT LDD|RAPID THERMAL ANNEAL|MEASURE JUNCTION PROFILE|DEPOSIT INTERLAYER DIELECTRIC|DENSIFY OXIDE|MEASURE DIELECTRIC THICKNESS|CMP INTERLAYER DIELECTRIC|MEASURE SURFACE PLANARITY|SPIN COAT PHOTORESIST|SOFT BAKE|ALIGN MASK LEVEL 3|EXPOSE LITHO LEVEL 3|DEVELOP PHOTORESIST|VIA OPENING INSPECTION|VIA ETCH|STRIP RESIST|CLEAN AFTER VIA ETCH|MEASURE VIA CD|DEPOSIT BARRIER METAL|DEPOSIT METAL SEED|FILL VIA METAL|CMP VIA FILL|MEASURE CONTACT RESISTANCE|DEPOSIT METAL 1|ANNEAL METAL 1|SPIN COAT PHOTORESIST|SOFT BAKE|ALIGN MASK LEVEL 4|EXPOSE LITHO LEVEL 4|POST EXPOSE BAKE|DEVELOP PHOTORESIST|METAL PATTERN INSPECTION|METAL ETCH|STRIP PHOTORESIST|CLEAN AFTER METAL ETCH|DEPOSIT BACKSIDE METAL|MEASURE LINE WIDTH|DEPOSIT PASSIVATION|CURE PASSIVATION|MEASURE PASSIVATION QUALITY|OPEN BOND PAD WINDOW|OPEN PAD WINDOW LITHO|DEVELOP PAD WINDOW|PASSIVATION ETCH PAD OPENING|STRIP RESIST|CLEAN PAD OPENING|MEASURE PAD OPENING|BACKSIDE CLEAN|BACKSIDE GRIND|MEASURE THICKNESS|BACKSIDE ETCH CLEAN|BACKSIDE RINSE|BACKSIDE DRY|BACKSIDE METALLIZATION PREP|BACKSIDE ANNEAL|MEASURE BACKSIDE CONTACT|FINAL CLEAN|FINAL THICKNESS MEASURE|FINAL GEOMETRY CHECK|FINAL CD INSPECTION|FINAL PARTICLE INSPECTION|ELECTRICAL PARAMETRIC TEST|LEAKAGE TEST|THRESHOLD VOLTAGE TEST|SWITCHING TEST|WAFER SORT TEST|YIELD ANALYSIS|FINAL LOT RELEASE|SHIP LOT
id_valid_0016,igbt,RECEIVE WAFER LOT|LOT IDENTIFICATION|INITIAL WAFER INSPECTION|MEASURE INITIAL THICKNESS|MEASURE SURFACE PARTICLES|PRE CLEAN WAFER|BACKSIDE CLEAN|FRONTSIDE CLEAN|RCA CLEAN 1|WET CLEAN RCA2|HF DIP|DRY WAFER|EPITAXIAL WAFER CHECK|MEASURE EPITAXY THICKNESS|MEASURE RESISTIVITY|EPITAXIAL LAYER PREP|THERMAL OXIDATION|MEASURE OXIDE THICKNESS|SPIN COAT PHOTORESIST|SOFT BAKE|ALIGN MASK LEVEL 1|EXPOSE LITHO LEVEL 1|POST EXPOSE BAKE|DEVELOP PHOTORESIST|INSPECT PATTERN LEVEL 1|OXIDE ETCH DRY|STRIP RESIST|CLEAN AFTER OXIDE ETCH|IMPLANT P BODY|PRE ANNEAL CHECK|DRIVE IN DIFFUSION|RAPID THERMAL ANNEAL|MEASURE JUNCTION DEPTH|THERMAL OXIDATION|SPIN COAT PHOTORESIST|SOFT BAKE|ALIGN MASK LEVEL 2|EXPOSE LITHO LEVEL 2|POST EXPOSE BAKE|DEVELOP PHOTORESIST|P BODY WINDOW INSPECTION|ETCH SILICON OR OXIDE WINDOW|STRIP RESIST|CLEAN AFTER WINDOW ETCH|IMPLANT N BUFFER|PRE ANNEAL CHECK|RAPID THERMAL ANNEAL|MEASURE SHEET RESISTANCE|DEPOSIT FIELD OXIDE|DENSIFY OXIDE|SPIN COAT PHOTORESIST|SOFT BAKE|ALIGN MASK LEVEL 3|EXPOSE LITHO LEVEL 3|DEVELOP PHOTORESIST|FIELD PATTERN INSPECTION|FIELD OXIDE ETCH|STRIP RESIST|CLEAN AFTER FIELD ETCH|IMPLANT SOURCE REGION|IMPLANT DRAIN / CATHODE REGION|RAPID THERMAL ANNEAL|MEASURE SHEET RESISTANCE|DEPOSIT GATE OXIDE OR DIELECTRIC|ANNEAL DIELECTRIC|MEASURE OXIDE QUALITY|DEPOSIT POLYSILICON|POLYSILICON ANNEAL|MEASURE POLY THICKNESS|SPIN COAT PHOTORESIST|SOFT BAKE|ALIGN MASK LEVEL 4|EXPOSE LITHO LEVEL 4|POST EXPOSE BAKE|DEVELOP PHOTORESIST|POLY PATTERN INSPECTION|HARD BAKE|POLYSILICON ETCH DRY|STRIP RESIST|CLEAN AFTER POLY ETCH|MEASURE GATE CD|IMPLANT CHANNEL STOP|RAPID THERMAL ANNEAL|MEASURE DEVICE PARAMETER|DEPOSIT INTERLEVEL DIELECTRIC|DENSIFY OXIDE|MEASURE DIELECTRIC THICKNESS|CMP INTERLAYER DIELECTRIC|MEASURE PLANARITY|SPIN COAT PHOTORESIST|SOFT BAKE|ALIGN MASK LEVEL 5|EXPOSE LITHO LEVEL 5|DEVELOP PHOTORESIST|VIA OPENING INSPECTION|HARD BAKE|DIELECTRIC ETCH VIA|STRIP RESIST|CLEAN AFTER VIA ETCH|MEASURE VIA CD|DEPOSIT BARRIER METAL|DEPOSIT METAL SEED|FILL VIA METAL|CMP METAL|MEASURE VIA RESISTANCE|DEPOSIT METAL 1|ANNEAL METAL|MEASURE METAL THICKNESS|SPIN COAT PHOTORESIST|SOFT BAKE|ALIGN MASK LEVEL 6|EXPOSE LITHO LEVEL 6|DEVELOP PHOTORESIST|METAL PATTERN INSPECTION|HARD BAKE|METAL ETCH DRY|STRIP RESIST|CLEAN AFTER METAL ETCH|DEPOSIT PASSIVATION LAYER|CURE PASSIVATION|MEASURE PASSIVATION THICKNESS|OPEN PAD WINDOW|PAD WINDOW LITHO|DEVELOP PAD WINDOW|PASSIVATION ETCH PAD OPENING|STRIP PHOTORESIST|CLEAN PAD OPENING|MEASURE PAD OPENING|BACKSIDE GRIND|MEASURE THICKNESS|BACKSIDE ETCH CLEAN|BACKSIDE RINSE|BACKSIDE DRY|BACKSIDE METALLIZATION PREP|DEPOSIT BACKSIDE METAL|BACKSIDE ANNEAL|MEASURE BACKSIDE CONTACT|FINAL CLEAN|FINAL THICKNESS MEASURE|FINAL GEOMETRY CHECK|FINAL PARTICLE INSPECTION|PARAMETRIC TEST|LEAKAGE TEST|BREAKDOWN VOLTAGE TEST|SWITCHING TEST|YIELD ANALYSIS|WAFER SORT TEST|FINAL LOT RELEASE|SHIP LOT
id_valid_0003,mosfet,RECEIVE WAFER LOT|LOT IDENTIFICATION|PRE CLEAN INSPECTION|MEASURE THICKNESS|MEASURE SURFACE PARTICLES|PRE CLEAN WAFER|BACKSIDE CLEAN|FRONTSIDE CLEAN|RCA CLEAN 1|WET CLEAN RCA2|HF DIP|DRY WAFER|SUBSTRATE CHECK|EPITAXY PREP|EPITAXIAL DEPOSITION|MEASURE EPITAXY THICKNESS|MEASURE RESISTIVITY|EPITAXY ANNEAL|WAFER SURFACE CLEAN|THERMAL OXIDATION|MEASURE OXIDE THICKNESS|SPIN COAT PHOTORESIST|SOFT BAKE|ALIGN MASK LEVEL 1|EXPOSE LITHO LEVEL 1|DEVELOP PHOTORESIST|PATTERN INSPECTION LEVEL 1|OXIDE ETCH|STRIP PHOTORESIST|CLEAN AFTER ETCH|IMPLANT WELL|DRIVE IN DIFFUSION|RAPID THERMAL ANNEAL|MEASURE JUNCTION DEPTH|THERMAL OXIDATION|GATE OXIDE PREP|GATE OXIDE GROWTH|MEASURE GATE OXIDE THICKNESS|DEPOSIT POLYSILICON|POLYSILICON ANNEAL|SPIN COAT PHOTORESIST|SOFT BAKE|ALIGN MASK LEVEL 2|EXPOSE LITHO LEVEL 2|POST EXPOSE BAKE|DEVELOP PHOTORESIST|POLY PATTERN INSPECTION|POLYSILICON ETCH|STRIP PHOTORESIST|CLEAN AFTER POLY ETCH|IMPLANT SOURCE DRAIN|PRE ANNEAL CHECK|LIGHT ANNEAL|MEASURE SHEET RESISTANCE|DEPOSIT SPACER DIELECTRIC|ANISOTROPIC ETCH SPACER|MEASURE SPACER WIDTH|IMPLANT LDD|PRE ANNEAL CHECK|RAPID THERMAL ANNEAL|MEASURE JUNCTION PROFILE|DEPOSIT INTERLEVEL DIELECTRIC|DENSIFY OXIDE|MEASURE DIELECTRIC THICKNESS|CMP DIELECTRIC|MEASURE PLANARITY|SPIN COAT PHOTORESIST|SOFT BAKE|ALIGN MASK LEVEL 3|EXPOSE LITHO LEVEL 3|POST EXPOSE BAKE|DEVELOP PHOTORESIST|VIA OPENING INSPECTION|HARD BAKE|VIA ETCH|STRIP PHOTORESIST|CLEAN AFTER VIA ETCH|MEASURE VIA CD|DEPOSIT BARRIER METAL|DEPOSIT METAL SEED|FILL VIA METAL|CMP VIA FILL|MEASURE CONTACT RESISTANCE|DEPOSIT METAL 1|ANNEAL METAL|MEASURE METAL THICKNESS|SPIN COAT PHOTORESIST|SOFT BAKE|ALIGN MASK LEVEL 4|EXPOSE LITHO LEVEL 4|DEVELOP PHOTORESIST|METAL PATTERN INSPECTION|HARD BAKE|METAL ETCH|STRIP RESIST|CLEAN AFTER METAL ETCH|MEASURE LINE WIDTH|DEPOSIT PASSIVATION LAYER|CURE PASSIVATION|MEASURE PASSIVATION QUALITY|OPEN BOND PAD WINDOW|PAD WINDOW LITHO|DEVELOP PAD WINDOW|PASSIVATION ETCH|STRIP PHOTORESIST|CLEAN PAD OPENING|MEASURE PAD OPENING|BACKSIDE CLEAN|BACKSIDE GRIND|MEASURE WAFER THICKNESS|BACKSIDE ETCH CLEAN|BACKSIDE RINSE|BACKSIDE DRY|BACKSIDE METALLIZATION PREP|DEPOSIT BACKSIDE METAL|BACKSIDE ANNEAL|MEASURE BACKSIDE CONTACT|FINAL CLEAN|FINAL THICKNESS MEASURE|FINAL CD INSPECTION|ELECTRICAL PARAMETRIC TEST|LEAKAGE TEST|THRESHOLD VOLTAGE TEST|SWITCHING TEST|WAFER SORT TEST|YIELD ANALYSIS|FINAL LOT RELEASE|SHIP LOT
id_forb_0036,igbt,RECEIVE WAFER LOT|OPEN PAD WINDOW LITHO|LOT IDENTIFICATION|INITIAL WAFER INSPECTION|MEASURE INITIAL THICKNESS|MEASURE SURFACE PARTICLES|PRE CLEAN WAFER|BACKSIDE CLEAN|FRONTSIDE CLEAN|WET CLEAN RCA1|RCA CLEAN 2|HF DIP|DRY WAFER|EPITAXIAL WAFER CHECK|MEASURE EPITAXY THICKNESS|MEASURE RESISTIVITY|EPITAXIAL REWORK CHECK|EPITAXIAL LAYER PREP|THERMAL OXIDATION|MEASURE OXIDE THICKNESS|SPIN COAT PHOTORESIST|SOFT BAKE|ALIGN MASK LEVEL 1|EXPOSE LITHO LEVEL 1|DEVELOP PHOTORESIST|INSPECT PATTERN LEVEL 1|HARD BAKE|OXIDE ETCH DRY|STRIP RESIST|CLEAN AFTER OXIDE ETCH|MEASURE OPENING CD|IMPLANT P BODY|PRE ANNEAL CHECK|DRIVE IN DIFFUSION|RAPID THERMAL ANNEAL|THERMAL OXIDATION|SPIN COAT PHOTORESIST|SOFT BAKE|ALIGN MASK LEVEL 2|EXPOSE LITHO LEVEL 2|DEVELOP PHOTORESIST|P BODY WINDOW INSPECTION|HARD BAKE|ETCH SILICON OR OXIDE WINDOW|STRIP PHOTORESIST|CLEAN AFTER WINDOW ETCH|MEASURE WINDOW CD|IMPLANT N BUFFER|PRE ANNEAL CHECK|RAPID THERMAL ANNEAL|MEASURE SHEET RESISTANCE|DEPOSIT FIELD OXIDE|DENSIFY OXIDE|MEASURE FILM THICKNESS|SPIN COAT PHOTORESIST|SOFT BAKE|ALIGN MASK LEVEL 3|EXPOSE LITHO LEVEL 3|DEVELOP PHOTORESIST|FIELD PATTERN INSPECTION|FIELD OXIDE ETCH|STRIP PHOTORESIST|CLEAN AFTER FIELD ETCH|IMPLANT SOURCE REGION|IMPLANT DRAIN / CATHODE REGION|PRE ANNEAL CHECK|RAPID THERMAL ANNEAL|MEASURE SHEET RESISTANCE|DEPOSIT GATE OXIDE OR DIELECTRIC|ANNEAL DIELECTRIC|DEPOSIT POLYSILICON|POLYSILICON ANNEAL|MEASURE POLY THICKNESS|SPIN COAT PHOTORESIST|SOFT BAKE|ALIGN MASK LEVEL 4|EXPOSE LITHO LEVEL 4|DEVELOP PHOTORESIST|POLY PATTERN INSPECTION|POLYSILICON ETCH DRY|STRIP RESIST|CLEAN AFTER POLY ETCH|MEASURE GATE CD|IMPLANT CHANNEL STOP|RAPID THERMAL ANNEAL|MEASURE DEVICE PARAMETER|DEPOSIT INTERLEVEL DIELECTRIC|DENSIFY OXIDE|MEASURE DIELECTRIC THICKNESS|CMP INTERLAYER DIELECTRIC|MEASURE PLANARITY|SPIN COAT PHOTORESIST|SOFT BAKE|ALIGN MASK LEVEL 5|EXPOSE LITHO LEVEL 5|DEVELOP PHOTORESIST|VIA OPENING INSPECTION|HARD BAKE|DIELECTRIC ETCH VIA|STRIP RESIST|CLEAN AFTER VIA ETCH|DEPOSIT BARRIER METAL|DEPOSIT METAL SEED|FILL VIA METAL|CMP VIA FILL|MEASURE CONTACT RESISTANCE|DEPOSIT METAL 1|ANNEAL METAL|SPIN COAT PHOTORESIST|SOFT BAKE|ALIGN MASK LEVEL 6|EXPOSE LITHO LEVEL 6|DEVELOP PHOTORESIST|METAL PATTERN INSPECTION|METAL ETCH DRY|STRIP PHOTORESIST|CLEAN AFTER METAL ETCH|DEPOSIT PASSIVATION|CURE PASSIVATION|MEASURE PASSIVATION QUALITY|OPEN BOND PAD WINDOW|DEVELOP PHOTORESIST|PASSIVATION ETCH|STRIP RESIST|CLEAN PAD OPENING|MEASURE PAD OPENING|BACKSIDE GRIND|MEASURE WAFER THICKNESS|BACKSIDE ETCH CLEAN|BACKSIDE RINSE|BACKSIDE DRY|BACKSIDE METALLIZATION PREP|DEPOSIT BACKSIDE METAL|BACKSIDE ANNEAL|MEASURE BACKSIDE CONTACT|FINAL CLEAN|FINAL THICKNESS MEASURE|FINAL GEOMETRY CHECK|FINAL CD INSPECTION|FINAL PARTICLE INSPECTION|ELECTRICAL PARAMETRIC TEST|LEAKAGE TEST|BREAKDOWN VOLTAGE TEST|SWITCHING TEST|WAFER SORT TEST|YIELD ANALYSIS|LOT RELEASE|SHIP LOT
id_forb_0015,mosfet,RECEIVE WAFER LOT|CMP DIELECTRIC|LOT IDENTIFICATION|PRE CLEAN INSPECTION|MEASURE THICKNESS|MEASURE SURFACE PARTICLES|PRE CLEAN WAFER|FRONTSIDE CLEAN|WET CLEAN RCA1|RCA CLEAN 2|HF DIP|DRY WAFER|SUBSTRATE CHECK|EPITAXY PREP|EPITAXIAL DEPOSITION|MEASURE EPITAXY THICKNESS|MEASURE RESISTIVITY|EPITAXY ANNEAL|WAFER SURFACE CLEAN|THERMAL OXIDATION|MEASURE OXIDE THICKNESS|SPIN COAT PHOTORESIST|SOFT BAKE|ALIGN MASK LEVEL 1|EXPOSE LITHO LEVEL 1|DEVELOP PHOTORESIST|PATTERN INSPECTION LEVEL 1|OXIDE ETCH|STRIP RESIST|CLEAN AFTER ETCH|MEASURE OPENING CD|IMPLANT WELL|PRE ANNEAL CHECK|DRIVE IN DIFFUSION|RAPID THERMAL ANNEAL|MEASURE JUNCTION DEPTH|THERMAL OXIDATION|GATE OXIDE PREP|GATE OXIDE GROWTH|MEASURE GATE OXIDE THICKNESS|DEPOSIT POLYSILICON|POLYSILICON ANNEAL|SPIN COAT PHOTORESIST|SOFT BAKE|ALIGN MASK LEVEL 2|EXPOSE LITHO LEVEL 2|DEVELOP PHOTORESIST|POLY PATTERN INSPECTION|POLYSILICON ETCH|STRIP PHOTORESIST|CLEAN AFTER POLY ETCH|MEASURE GATE CD|IMPLANT SOURCE DRAIN|PRE ANNEAL CHECK|LIGHT ANNEAL|DEPOSIT SPACER DIELECTRIC|ANISOTROPIC ETCH SPACER|IMPLANT LDD|PRE ANNEAL CHECK|RAPID THERMAL ANNEAL|DEPOSIT INTERLEVEL DIELECTRIC|DENSIFY OXIDE|MEASURE FILM THICKNESS|MEASURE SURFACE PLANARITY|SPIN COAT PHOTORESIST|SOFT BAKE|ALIGN MASK LEVEL 3|EXPOSE LITHO LEVEL 3|POST EXPOSE BAKE|DEVELOP PHOTORESIST|VIA OPENING INSPECTION|VIA ETCH THROUGH DIELECTRIC|STRIP PHOTORESIST|CLEAN AFTER VIA ETCH|DEPOSIT BARRIER METAL|DEPOSIT METAL SEED|FILL VIA METAL|CMP VIA FILL|MEASURE VIA RESISTANCE|DEPOSIT METAL 1|ANNEAL METAL 1|SPIN COAT PHOTORESIST|SOFT BAKE|ALIGN MASK LEVEL 4|EXPOSE LITHO LEVEL 4|POST EXPOSE BAKE|DEVELOP PHOTORESIST|METAL PATTERN INSPECTION|HARD BAKE|METAL ETCH|STRIP PHOTORESIST|CLEAN AFTER METAL ETCH|DEPOSIT PASSIVATION|CURE PASSIVATION|MEASURE PASSIVATION THICKNESS|OPEN BOND PAD WINDOW|PAD WINDOW LITHO|DEVELOP PAD WINDOW|PASSIVATION ETCH PAD OPENING|STRIP PHOTORESIST|CLEAN PAD OPENING|MEASURE PAD OPENING|BACKSIDE CLEAN|BACKSIDE GRIND|MEASURE WAFER THICKNESS|BACKSIDE ETCH CLEAN|BACKSIDE RINSE|BACKSIDE DRY|BACKSIDE METALLIZATION PREP|DEPOSIT BACKSIDE METAL|BACKSIDE ANNEAL|MEASURE BACKSIDE CONTACT|FINAL CLEAN|FINAL THICKNESS MEASURE|FINAL GEOMETRY CHECK|FINAL CD INSPECTION|FINAL PARTICLE INSPECTION|ELECTRICAL PARAMETRIC TEST|LEAKAGE TEST|THRESHOLD VOLTAGE TEST|SWITCHING TEST|WAFER SORT TEST|YIELD ANALYSIS|FINAL LOT RELEASE|SHIP LOT
id_valid_0031,mosfet,RECEIVE WAFER LOT|LOT IDENTIFICATION|PRE CLEAN INSPECTION|MEASURE THICKNESS|MEASURE SURFACE PARTICLES|PRE CLEAN WAFER|BACKSIDE CLEAN|WET CLEAN RCA1|WET CLEAN RCA2|HF DIP|DRY WAFER|SUBSTRATE CHECK|EPITAXY PREP|EPITAXIAL DEPOSITION|MEASURE EPITAXY THICKNESS|MEASURE RESISTIVITY|EPITAXY ANNEAL|WAFER SURFACE CLEAN|THERMAL OXIDATION|MEASURE OXIDE THICKNESS|SPIN COAT PHOTORESIST|SOFT BAKE|ALIGN MASK LEVEL 1|EXPOSE LITHO LEVEL 1|DEVELOP PHOTORESIST|PATTERN INSPECTION LEVEL 1|OXIDE ETCH|STRIP RESIST|CLEAN AFTER ETCH|IMPLANT WELL|PRE ANNEAL CHECK|DRIVE IN DIFFUSION|RAPID THERMAL ANNEAL|MEASURE JUNCTION DEPTH|THERMAL OXIDATION|GATE OXIDE PREP|GATE OXIDE GROWTH|MEASURE GATE OXIDE THICKNESS|DEPOSIT POLYSILICON|POLYSILICON ANNEAL|SPIN COAT PHOTORESIST|SOFT BAKE|ALIGN MASK LEVEL 2|EXPOSE LITHO LEVEL 2|POST EXPOSE BAKE|DEVELOP PHOTORESIST|POLY PATTERN INSPECTION|POLYSILICON ETCH|STRIP PHOTORESIST|CLEAN AFTER POLY ETCH|MEASURE GATE CD|IMPLANT SOURCE DRAIN|PRE ANNEAL CHECK|LIGHT ANNEAL|DEPOSIT SPACER DIELECTRIC|ANISOTROPIC ETCH SPACER|IMPLANT LDD|PRE ANNEAL CHECK|RAPID THERMAL ANNEAL|MEASURE JUNCTION PROFILE|DEPOSIT INTERLEVEL DIELECTRIC|DENSIFY OXIDE|MEASURE FILM THICKNESS|CMP DIELECTRIC|MEASURE SURFACE PLANARITY|SPIN COAT PHOTORESIST|SOFT BAKE|ALIGN MASK LEVEL 3|EXPOSE LITHO LEVEL 3|DEVELOP PHOTORESIST|VIA OPENING INSPECTION|HARD BAKE|VIA ETCH THROUGH DIELECTRIC|STRIP PHOTORESIST|CLEAN AFTER VIA ETCH|DEPOSIT BARRIER METAL|DEPOSIT METAL SEED|FILL VIA METAL|CMP VIA FILL|DEPOSIT METAL 1|ANNEAL METAL|MEASURE METAL THICKNESS|SPIN COAT PHOTORESIST|SOFT BAKE|ALIGN MASK LEVEL 4|EXPOSE LITHO LEVEL 4|DEVELOP PHOTORESIST|METAL PATTERN INSPECTION|METAL ETCH|STRIP PHOTORESIST|CLEAN AFTER METAL ETCH|MEASURE LINE WIDTH|DEPOSIT PASSIVATION|CURE PASSIVATION|MEASURE PASSIVATION THICKNESS|OPEN BOND PAD WINDOW|OPEN PAD WINDOW LITHO|DEVELOP PHOTORESIST|PASSIVATION ETCH|STRIP RESIST|CLEAN PAD OPENING|MEASURE PAD OPENING|BACKSIDE CLEAN|BACKSIDE GRIND|MEASURE WAFER THICKNESS|BACKSIDE ETCH CLEAN|BACKSIDE RINSE|BACKSIDE DRY|BACKSIDE METALLIZATION PREP|DEPOSIT BACKSIDE METAL|BACKSIDE ANNEAL|MEASURE BACKSIDE CONTACT|FINAL CLEAN|FINAL CD INSPECTION|FINAL PARTICLE INSPECTION|PARAMETRIC TEST|LEAKAGE TEST|THRESHOLD VOLTAGE TEST|SWITCHING TEST|WAFER SORT TEST|YIELD ANALYSIS|LOT RELEASE|SHIP LOT
id_valid_0018,igbt,RECEIVE WAFER LOT|LOT IDENTIFICATION|PRE CLEAN INSPECTION|MEASURE INITIAL THICKNESS|MEASURE SURFACE PARTICLES|PRE CLEAN WAFER|BACKSIDE CLEAN|FRONTSIDE CLEAN|RCA CLEAN 1|RCA CLEAN 2|HF DIP|DRY WAFER|EPITAXIAL WAFER CHECK|MEASURE EPITAXY THICKNESS|MEASURE RESISTIVITY|EPITAXIAL REWORK CHECK|EPITAXIAL LAYER PREP|THERMAL OXIDATION|MEASURE OXIDE THICKNESS|SPIN COAT PHOTORESIST|SOFT BAKE|ALIGN MASK LEVEL 1|EXPOSE LITHO LEVEL 1|DEVELOP PHOTORESIST|INSPECT PATTERN LEVEL 1|HARD BAKE|OXIDE ETCH DRY|STRIP PHOTORESIST|CLEAN AFTER OXIDE ETCH|IMPLANT P BODY|PRE ANNEAL CHECK|DRIVE IN DIFFUSION|RAPID THERMAL ANNEAL|MEASURE JUNCTION DEPTH|THERMAL OXIDATION|SPIN COAT PHOTORESIST|SOFT BAKE|ALIGN MASK LEVEL 2|EXPOSE LITHO LEVEL 2|DEVELOP PHOTORESIST|P BODY WINDOW INSPECTION|ETCH SILICON OR OXIDE WINDOW|STRIP PHOTORESIST|CLEAN AFTER WINDOW ETCH|MEASURE WINDOW CD|IMPLANT N BUFFER|RAPID THERMAL ANNEAL|MEASURE SHEET RESISTANCE|EPITAXIAL REWORK CHECK|DEPOSIT FIELD OXIDE|DENSIFY OXIDE|MEASURE FILM THICKNESS|SPIN COAT PHOTORESIST|SOFT BAKE|ALIGN MASK LEVEL 3|EXPOSE LITHO LEVEL 3|DEVELOP PHOTORESIST|FIELD PATTERN INSPECTION|FIELD OXIDE ETCH|STRIP PHOTORESIST|CLEAN AFTER FIELD ETCH|MEASURE SURFACE UNIFORMITY|IMPLANT SOURCE REGION|IMPLANT DRAIN / CATHODE REGION|RAPID THERMAL ANNEAL|MEASURE SHEET RESISTANCE|DEPOSIT GATE OXIDE OR DIELECTRIC|ANNEAL DIELECTRIC|MEASURE OXIDE QUALITY|DEPOSIT POLYSILICON|POLYSILICON ANNEAL|SPIN COAT PHOTORESIST|SOFT BAKE|ALIGN MASK LEVEL 4|EXPOSE LITHO LEVEL 4|DEVELOP PHOTORESIST|POLY PATTERN INSPECTION|POLYSILICON ETCH DRY|STRIP PHOTORESIST|CLEAN AFTER POLY ETCH|IMPLANT CHANNEL STOP|PRE ANNEAL CHECK|RAPID THERMAL ANNEAL|MEASURE DEVICE PARAMETER|DEPOSIT INTERLAYER DIELECTRIC|DENSIFY OXIDE|MEASURE FILM THICKNESS|CMP INTERLAYER DIELECTRIC|MEASURE PLANARITY|SPIN COAT PHOTORESIST|SOFT BAKE|ALIGN MASK LEVEL 5|EXPOSE LITHO LEVEL 5|DEVELOP PHOTORESIST|VIA INSPECTION|HARD BAKE|VIA ETCH THROUGH DIELECTRIC|STRIP PHOTORESIST|CLEAN AFTER VIA ETCH|MEASURE VIA CD|DEPOSIT BARRIER METAL|DEPOSIT METAL SEED|FILL VIA METAL|CMP VIA FILL|DEPOSIT TOP METAL|ANNEAL METAL 1|SPIN COAT PHOTORESIST|SOFT BAKE|ALIGN MASK LEVEL 6|EXPOSE LITHO LEVEL 6|DEVELOP PHOTORESIST|METAL PATTERN INSPECTION|METAL ETCH DRY|STRIP RESIST|CLEAN AFTER METAL ETCH|DEPOSIT PASSIVATION|CURE PASSIVATION|MEASURE PASSIVATION QUALITY|OPEN PAD WINDOW|PAD WINDOW LITHO|DEVELOP PAD WINDOW|PASSIVATION ETCH|STRIP PHOTORESIST|CLEAN PAD OPENING|MEASURE PAD OPENING|BACKSIDE GRIND|MEASURE THICKNESS|BACKSIDE ETCH CLEAN|BACKSIDE RINSE|BACKSIDE DRY|BACKSIDE METALLIZATION PREP|DEPOSIT BACKSIDE METAL|BACKSIDE ANNEAL|MEASURE BACKSIDE CONTACT|FINAL CLEAN|FINAL THICKNESS MEASURE|FINAL GEOMETRY CHECK|FINAL CD INSPECTION|FINAL PARTICLE INSPECTION|PARAMETRIC TEST|LEAKAGE TEST|BREAKDOWN VOLTAGE TEST|SWITCHING TEST|WAFER SORT TEST|YIELD ANALYSIS|FINAL LOT RELEASE|SHIP LOT
id_valid_0015,igbt,RECEIVE WAFER LOT|LOT IDENTIFICATION|INITIAL WAFER INSPECTION|MEASURE INITIAL THICKNESS|MEASURE SURFACE PARTICLES|PRE CLEAN WAFER|BACKSIDE CLEAN|FRONTSIDE CLEAN|RCA CLEAN 1|RCA CLEAN 2|HF DIP|EPITAXIAL WAFER CHECK|MEASURE EPITAXY THICKNESS|MEASURE RESISTIVITY|EPITAXIAL LAYER PREP|THERMAL OXIDATION|MEASURE OXIDE THICKNESS|SPIN COAT PHOTORESIST|SOFT BAKE|ALIGN MASK LEVEL 1|EXPOSE LITHO LEVEL 1|POST EXPOSE BAKE|DEVELOP PHOTORESIST|INSPECT PATTERN LEVEL 1|OXIDE ETCH DRY|STRIP RESIST|CLEAN AFTER OXIDE ETCH|MEASURE OPENING CD|IMPLANT P BODY|DRIVE IN DIFFUSION|RAPID THERMAL ANNEAL|MEASURE JUNCTION DEPTH|THERMAL OXIDATION|SPIN COAT PHOTORESIST|SOFT BAKE|ALIGN MASK LEVEL 2|EXPOSE LITHO LEVEL 2|DEVELOP PHOTORESIST|P BODY WINDOW INSPECTION|HARD BAKE|ETCH SILICON OR OXIDE WINDOW|STRIP PHOTORESIST|CLEAN AFTER WINDOW ETCH|IMPLANT N BUFFER|PRE ANNEAL CHECK|RAPID THERMAL ANNEAL|EPITAXIAL REWORK CHECK|DEPOSIT FIELD OXIDE|DENSIFY OXIDE|MEASURE FILM THICKNESS|SPIN COAT PHOTORESIST|SOFT BAKE|ALIGN MASK LEVEL 3|EXPOSE LITHO LEVEL 3|POST EXPOSE BAKE|DEVELOP PHOTORESIST|FIELD PATTERN INSPECTION|FIELD OXIDE ETCH|STRIP RESIST|CLEAN AFTER FIELD ETCH|MEASURE SURFACE UNIFORMITY|IMPLANT SOURCE REGION|IMPLANT DRAIN / CATHODE REGION|RAPID THERMAL ANNEAL|MEASURE SHEET RESISTANCE|DEPOSIT GATE OXIDE OR DIELECTRIC|ANNEAL DIELECTRIC|MEASURE OXIDE QUALITY|DEPOSIT POLYSILICON|POLYSILICON ANNEAL|MEASURE POLY THICKNESS|SPIN COAT PHOTORESIST|SOFT BAKE|ALIGN MASK LEVEL 4|EXPOSE LITHO LEVEL 4|POST EXPOSE BAKE|DEVELOP PHOTORESIST|POLY PATTERN INSPECTION|POLYSILICON ETCH DRY|STRIP PHOTORESIST|CLEAN AFTER POLY ETCH|MEASURE GATE CD|IMPLANT CHANNEL STOP|RAPID THERMAL ANNEAL|MEASURE DEVICE PARAMETER|DEPOSIT INTERLAYER DIELECTRIC|DENSIFY OXIDE|MEASURE FILM THICKNESS|CMP DIELECTRIC|MEASURE PLANARITY|SPIN COAT PHOTORESIST|SOFT BAKE|ALIGN MASK LEVEL 5|EXPOSE LITHO LEVEL 5|DEVELOP PHOTORESIST|VIA INSPECTION|VIA ETCH THROUGH DIELECTRIC|STRIP PHOTORESIST|CLEAN AFTER VIA ETCH|DEPOSIT BARRIER METAL|DEPOSIT METAL SEED|FILL VIA METAL|CMP METAL|MEASURE CONTACT RESISTANCE|DEPOSIT TOP METAL|ANNEAL METAL 1|SPIN COAT PHOTORESIST|SOFT BAKE|ALIGN MASK LEVEL 6|EXPOSE LITHO LEVEL 6|POST EXPOSE BAKE|DEVELOP PHOTORESIST|METAL PATTERN INSPECTION|METAL ETCH DRY|STRIP PHOTORESIST|CLEAN AFTER METAL ETCH|MEASURE LINE WIDTH|DEPOSIT PASSIVATION LAYER|CURE PASSIVATION|MEASURE PASSIVATION QUALITY|OPEN BOND PAD WINDOW|PAD WINDOW LITHO|DEVELOP PHOTORESIST|PASSIVATION ETCH|STRIP PHOTORESIST|CLEAN PAD OPENING|MEASURE PAD OPENING|BACKSIDE GRIND|MEASURE WAFER THICKNESS|BACKSIDE ETCH CLEAN|BACKSIDE RINSE|BACKSIDE DRY|BACKSIDE METALLIZATION PREP|DEPOSIT BACKSIDE METAL|BACKSIDE ANNEAL|MEASURE BACKSIDE CONTACT|FINAL CLEAN|FINAL THICKNESS MEASURE|FINAL GEOMETRY CHECK|ELECTRICAL PARAMETRIC TEST|LEAKAGE TEST|BREAKDOWN VOLTAGE TEST|SWITCHING TEST|WAFER SORT TEST|YIELD ANALYSIS|FINAL LOT RELEASE|SHIP LOT
id_forb_0007,mosfet,RECEIVE WAFER LOT|OPEN BOND PAD WINDOW|LOT IDENTIFICATION|PRE CLEAN INSPECTION|MEASURE THICKNESS|MEASURE SURFACE PARTICLES|PRE CLEAN WAFER|BACKSIDE CLEAN|FRONTSIDE CLEAN|RCA CLEAN 1|WET CLEAN RCA2|HF DIP|DRY WAFER|SUBSTRATE CHECK|EPITAXY PREP|EPITAXIAL DEPOSITION|MEASURE EPITAXY THICKNESS|MEASURE RESISTIVITY|EPITAXY ANNEAL|WAFER SURFACE CLEAN|THERMAL OXIDATION|MEASURE OXIDE THICKNESS|SPIN COAT PHOTORESIST|SOFT BAKE|ALIGN MASK LEVEL 1|EXPOSE LITHO LEVEL 1|DEVELOP PHOTORESIST|PATTERN INSPECTION LEVEL 1|OXIDE ETCH|STRIP PHOTORESIST|CLEAN AFTER ETCH|IMPLANT WELL|DRIVE IN DIFFUSION|RAPID THERMAL ANNEAL|MEASURE JUNCTION DEPTH|THERMAL OXIDATION|GATE OXIDE PREP|GATE OXIDE GROWTH|MEASURE GATE OXIDE THICKNESS|DEPOSIT POLYSILICON|POLYSILICON ANNEAL|SPIN COAT PHOTORESIST|SOFT BAKE|ALIGN MASK LEVEL 2|EXPOSE LITHO LEVEL 2|POST EXPOSE BAKE|DEVELOP PHOTORESIST|POLY PATTERN INSPECTION|POLYSILICON ETCH|STRIP PHOTORESIST|CLEAN AFTER POLY ETCH|IMPLANT SOURCE DRAIN|PRE ANNEAL CHECK|LIGHT ANNEAL|MEASURE SHEET RESISTANCE|DEPOSIT SPACER DIELECTRIC|ANISOTROPIC ETCH SPACER|MEASURE SPACER WIDTH|IMPLANT LDD|PRE ANNEAL CHECK|RAPID THERMAL ANNEAL|MEASURE JUNCTION PROFILE|DEPOSIT INTERLEVEL DIELECTRIC|DENSIFY OXIDE|MEASURE DIELECTRIC THICKNESS|CMP DIELECTRIC|MEASURE PLANARITY|SPIN COAT PHOTORESIST|SOFT BAKE|ALIGN MASK LEVEL 3|EXPOSE LITHO LEVEL 3|POST EXPOSE BAKE|DEVELOP PHOTORESIST|VIA OPENING INSPECTION|HARD BAKE|VIA ETCH|STRIP PHOTORESIST|CLEAN AFTER VIA ETCH|MEASURE VIA CD|DEPOSIT BARRIER METAL|DEPOSIT METAL SEED|FILL VIA METAL|CMP VIA FILL|MEASURE CONTACT RESISTANCE|DEPOSIT METAL 1|ANNEAL METAL|MEASURE METAL THICKNESS|SPIN COAT PHOTORESIST|SOFT BAKE|ALIGN MASK LEVEL 4|EXPOSE LITHO LEVEL 4|DEVELOP PHOTORESIST|METAL PATTERN INSPECTION|HARD BAKE|METAL ETCH|STRIP RESIST|CLEAN AFTER METAL ETCH|MEASURE LINE WIDTH|DEPOSIT PASSIVATION LAYER|CURE PASSIVATION|MEASURE PASSIVATION QUALITY|PAD WINDOW LITHO|DEVELOP PAD WINDOW|PASSIVATION ETCH|STRIP PHOTORESIST|CLEAN PAD OPENING|MEASURE PAD OPENING|BACKSIDE CLEAN|BACKSIDE GRIND|MEASURE WAFER THICKNESS|BACKSIDE ETCH CLEAN|BACKSIDE RINSE|BACKSIDE DRY|BACKSIDE METALLIZATION PREP|DEPOSIT BACKSIDE METAL|BACKSIDE ANNEAL|MEASURE BACKSIDE CONTACT|FINAL CLEAN|FINAL THICKNESS MEASURE|FINAL CD INSPECTION|ELECTRICAL PARAMETRIC TEST|LEAKAGE TEST|THRESHOLD VOLTAGE TEST|SWITCHING TEST|WAFER SORT TEST|YIELD ANALYSIS|FINAL LOT RELEASE|SHIP LOT
id_valid_0028,igbt,RECEIVE WAFER LOT|LOT IDENTIFICATION|INITIAL WAFER INSPECTION|MEASURE INITIAL THICKNESS|MEASURE SURFACE PARTICLES|PRE CLEAN WAFER|BACKSIDE CLEAN|FRONTSIDE CLEAN|RCA CLEAN 1|RCA CLEAN 2|HF DIP|EPITAXIAL WAFER CHECK|MEASURE EPITAXY THICKNESS|MEASURE RESISTIVITY|EPITAXIAL LAYER PREP|THERMAL OXIDATION|MEASURE OXIDE THICKNESS|SPIN COAT PHOTORESIST|SOFT BAKE|ALIGN MASK LEVEL 1|EXPOSE LITHO LEVEL 1|POST EXPOSE BAKE|DEVELOP PHOTORESIST|INSPECT PATTERN LEVEL 1|HARD BAKE|OXIDE ETCH DRY|STRIP PHOTORESIST|CLEAN AFTER OXIDE ETCH|MEASURE OPENING CD|IMPLANT P BODY|DRIVE IN DIFFUSION|RAPID THERMAL ANNEAL|MEASURE JUNCTION DEPTH|THERMAL OXIDATION|SPIN COAT PHOTORESIST|SOFT BAKE|ALIGN MASK LEVEL 2|EXPOSE LITHO LEVEL 2|POST EXPOSE BAKE|DEVELOP PHOTORESIST|P BODY WINDOW INSPECTION|ETCH SILICON OR OXIDE WINDOW|STRIP RESIST|CLEAN AFTER WINDOW ETCH|MEASURE WINDOW CD|IMPLANT N BUFFER|RAPID THERMAL ANNEAL|DEPOSIT FIELD OXIDE|DENSIFY OXIDE|MEASURE FILM THICKNESS|SPIN COAT PHOTORESIST|SOFT BAKE|ALIGN MASK LEVEL 3|EXPOSE LITHO LEVEL 3|POST EXPOSE BAKE|DEVELOP PHOTORESIST|FIELD PATTERN INSPECTION|HARD BAKE|FIELD OXIDE ETCH|STRIP RESIST|CLEAN AFTER FIELD ETCH|MEASURE SURFACE UNIFORMITY|IMPLANT SOURCE REGION|IMPLANT DRAIN / CATHODE REGION|RAPID THERMAL ANNEAL|MEASURE SHEET RESISTANCE|DEPOSIT GATE OXIDE OR DIELECTRIC|ANNEAL DIELECTRIC|DEPOSIT POLYSILICON|POLYSILICON ANNEAL|MEASURE POLY THICKNESS|SPIN COAT PHOTORESIST|SOFT BAKE|ALIGN MASK LEVEL 4|EXPOSE LITHO LEVEL 4|POST EXPOSE BAKE|DEVELOP PHOTORESIST|POLY PATTERN INSPECTION|POLYSILICON ETCH DRY|STRIP PHOTORESIST|CLEAN AFTER POLY ETCH|IMPLANT CHANNEL STOP|PRE ANNEAL CHECK|RAPID THERMAL ANNEAL|MEASURE DEVICE PARAMETER|DEPOSIT INTERLEVEL DIELECTRIC|DENSIFY DIELECTRIC|MEASURE DIELECTRIC THICKNESS|CMP INTERLAYER DIELECTRIC|MEASURE PLANARITY|SPIN COAT PHOTORESIST|SOFT BAKE|ALIGN MASK LEVEL 5|EXPOSE LITHO LEVEL 5|DEVELOP PHOTORESIST|VIA OPENING INSPECTION|DIELECTRIC ETCH VIA|STRIP PHOTORESIST|CLEAN AFTER VIA ETCH|MEASURE VIA CD|DEPOSIT BARRIER METAL|DEPOSIT METAL SEED|FILL VIA METAL|CMP METAL|DEPOSIT METAL 1|ANNEAL METAL 1|SPIN COAT PHOTORESIST|SOFT BAKE|ALIGN MASK LEVEL 6|EXPOSE LITHO LEVEL 6|DEVELOP PHOTORESIST|METAL PATTERN INSPECTION|HARD BAKE|METAL ETCH DRY|STRIP PHOTORESIST|CLEAN AFTER METAL ETCH|MEASURE LINE WIDTH|DEPOSIT PASSIVATION|CURE PASSIVATION|MEASURE PASSIVATION QUALITY|OPEN PAD WINDOW|OPEN PAD WINDOW LITHO|DEVELOP PAD WINDOW|PASSIVATION ETCH|STRIP PHOTORESIST|CLEAN PAD OPENING|MEASURE PAD OPENING|BACKSIDE GRIND|MEASURE WAFER THICKNESS|BACKSIDE ETCH CLEAN|BACKSIDE RINSE|BACKSIDE DRY|BACKSIDE METALLIZATION PREP|DEPOSIT BACKSIDE METAL|BACKSIDE ANNEAL|MEASURE BACKSIDE CONTACT|FINAL CLEAN|FINAL THICKNESS MEASURE|FINAL CD INSPECTION|FINAL PARTICLE INSPECTION|PARAMETRIC TEST|LEAKAGE TEST|BREAKDOWN VOLTAGE TEST|SWITCHING TEST|YIELD ANALYSIS|WAFER SORT TEST|LOT RELEASE|SHIP LOT
id_forb_0004,mosfet,RECEIVE WAFER LOT|LOT IDENTIFICATION|PRE CLEAN INSPECTION|MEASURE THICKNESS|MEASURE SURFACE PARTICLES|PRE CLEAN WAFER|BACKSIDE CLEAN|RCA CLEAN 1|RCA CLEAN 2|HF DIP|SUBSTRATE CHECK|EPITAXY PREP|EPITAXIAL DEPOSITION|MEASURE EPITAXY THICKNESS|MEASURE RESISTIVITY|EPITAXY ANNEAL|WAFER SURFACE CLEAN|THERMAL OXIDATION|MEASURE OXIDE THICKNESS|SPIN COAT PHOTORESIST|SOFT BAKE|ALIGN MASK LEVEL 1|EXPOSE LITHO LEVEL 1|DEVELOP PHOTORESIST|PATTERN INSPECTION LEVEL 1|OXIDE ETCH|STRIP RESIST|CLEAN AFTER ETCH|MEASURE OPENING CD|IMPLANT WELL|DRIVE IN DIFFUSION|RAPID THERMAL ANNEAL|MEASURE JUNCTION DEPTH|THERMAL OXIDATION|GATE OXIDE PREP|GATE OXIDE GROWTH|MEASURE GATE OXIDE THICKNESS|DEPOSIT POLYSILICON|POLYSILICON ANNEAL|SPIN COAT PHOTORESIST|SOFT BAKE|ALIGN MASK LEVEL 2|EXPOSE LITHO LEVEL 2|DEVELOP PHOTORESIST|POLY PATTERN INSPECTION|POLYSILICON ETCH|STRIP RESIST|CLEAN AFTER POLY ETCH|MEASURE GATE CD|IMPLANT SOURCE DRAIN|LIGHT ANNEAL|DEPOSIT SPACER DIELECTRIC|ANISOTROPIC ETCH SPACER|MEASURE SPACER WIDTH|IMPLANT LDD|RAPID THERMAL ANNEAL|MEASURE JUNCTION PROFILE|DEPOSIT INTERLEVEL DIELECTRIC|DENSIFY OXIDE|MEASURE DIELECTRIC THICKNESS|CMP INTERLAYER DIELECTRIC|MEASURE SURFACE PLANARITY|SPIN COAT PHOTORESIST|SOFT BAKE|ALIGN MASK LEVEL 4|EXPOSE LITHO LEVEL 3|DEVELOP PHOTORESIST|VIA INSPECTION|VIA ETCH|STRIP PHOTORESIST|CLEAN AFTER VIA ETCH|DEPOSIT BARRIER METAL|DEPOSIT METAL SEED|FILL VIA METAL|CMP VIA FILL|MEASURE VIA RESISTANCE|DEPOSIT TOP METAL|ANNEAL METAL 1|MEASURE METAL THICKNESS|SPIN COAT PHOTORESIST|SOFT BAKE|ALIGN MASK LEVEL 4|EXPOSE LITHO LEVEL 4|DEVELOP PHOTORESIST|METAL PATTERN INSPECTION|METAL ETCH|STRIP RESIST|CLEAN AFTER METAL ETCH|MEASURE LINE WIDTH|DEPOSIT PASSIVATION LAYER|CURE PASSIVATION|MEASURE PASSIVATION QUALITY|OPEN PAD WINDOW|PAD WINDOW LITHO|DEVELOP PAD WINDOW|PASSIVATION ETCH PAD OPENING|STRIP RESIST|CLEAN PAD OPENING|MEASURE PAD OPENING|BACKSIDE CLEAN|BACKSIDE GRIND|MEASURE WAFER THICKNESS|BACKSIDE ETCH CLEAN|BACKSIDE RINSE|BACKSIDE DRY|BACKSIDE METALLIZATION PREP|DEPOSIT BACKSIDE METAL|BACKSIDE ANNEAL|MEASURE BACKSIDE CONTACT|FINAL CLEAN|FINAL THICKNESS MEASURE|FINAL GEOMETRY CHECK|FINAL PARTICLE INSPECTION|ELECTRICAL PARAMETRIC TEST|LEAKAGE TEST|THRESHOLD VOLTAGE TEST|SWITCHING TEST|WAFER SORT TEST|YIELD ANALYSIS|FINAL LOT RELEASE|SHIP LOT
id_forb_0038,mosfet,RECEIVE WAFER LOT|THRESHOLD VOLTAGE TEST|LOT IDENTIFICATION|PRE CLEAN INSPECTION|MEASURE THICKNESS|MEASURE SURFACE PARTICLES|PRE CLEAN WAFER|BACKSIDE CLEAN|FRONTSIDE CLEAN|WET CLEAN RCA1|WET CLEAN RCA2|HF DIP|DRY WAFER|SUBSTRATE CHECK|EPITAXY PREP|EPITAXIAL DEPOSITION|MEASURE EPITAXY THICKNESS|MEASURE RESISTIVITY|EPITAXY ANNEAL|WAFER SURFACE CLEAN|THERMAL OXIDATION|MEASURE OXIDE THICKNESS|SPIN COAT PHOTORESIST|SOFT BAKE|ALIGN MASK LEVEL 1|EXPOSE LITHO LEVEL 1|DEVELOP PHOTORESIST|PATTERN INSPECTION LEVEL 1|OXIDE ETCH|STRIP PHOTORESIST|CLEAN AFTER ETCH|MEASURE OPENING CD|IMPLANT WELL|PRE ANNEAL CHECK|DRIVE IN DIFFUSION|RAPID THERMAL ANNEAL|THERMAL OXIDATION|GATE OXIDE PREP|GATE OXIDE GROWTH|MEASURE GATE OXIDE THICKNESS|DEPOSIT POLYSILICON|POLYSILICON ANNEAL|MEASURE POLY THICKNESS|SPIN COAT PHOTORESIST|SOFT BAKE|ALIGN MASK LEVEL 2|EXPOSE LITHO LEVEL 2|DEVELOP PHOTORESIST|POLY PATTERN INSPECTION|POLYSILICON ETCH|STRIP RESIST|CLEAN AFTER POLY ETCH|MEASURE GATE CD|IMPLANT SOURCE DRAIN|LIGHT ANNEAL|MEASURE SHEET RESISTANCE|DEPOSIT SPACER DIELECTRIC|ANISOTROPIC ETCH SPACER|MEASURE SPACER WIDTH|IMPLANT LDD|PRE ANNEAL CHECK|RAPID THERMAL ANNEAL|MEASURE JUNCTION PROFILE|DEPOSIT INTERLAYER DIELECTRIC|DENSIFY OXIDE|MEASURE FILM THICKNESS|CMP INTERLAYER DIELECTRIC|MEASURE PLANARITY|SPIN COAT PHOTORESIST|SOFT BAKE|ALIGN MASK LEVEL 3|EXPOSE LITHO LEVEL 3|POST EXPOSE BAKE|DEVELOP PHOTORESIST|VIA OPENING INSPECTION|VIA ETCH THROUGH DIELECTRIC|STRIP PHOTORESIST|CLEAN AFTER VIA ETCH|MEASURE VIA CD|DEPOSIT BARRIER METAL|DEPOSIT METAL SEED|FILL VIA METAL|CMP VIA FILL|MEASURE VIA RESISTANCE|DEPOSIT METAL 1|ANNEAL METAL 1|SPIN COAT PHOTORESIST|SOFT BAKE|ALIGN MASK LEVEL 4|EXPOSE LITHO LEVEL 4|POST EXPOSE BAKE|DEVELOP PHOTORESIST|METAL PATTERN INSPECTION|METAL ETCH|STRIP PHOTORESIST|CLEAN AFTER METAL ETCH|MEASURE LINE WIDTH|DEPOSIT PASSIVATION|CURE PASSIVATION|MEASURE PASSIVATION QUALITY|OPEN PAD WINDOW|OPEN PAD WINDOW LITHO|DEVELOP PAD WINDOW|PASSIVATION ETCH PAD OPENING|STRIP PHOTORESIST|CLEAN PAD OPENING|MEASURE PAD OPENING|BACKSIDE CLEAN|BACKSIDE GRIND|MEASURE THICKNESS|BACKSIDE ETCH CLEAN|BACKSIDE RINSE|BACKSIDE DRY|BACKSIDE METALLIZATION PREP|DEPOSIT BACKSIDE METAL|BACKSIDE ANNEAL|MEASURE BACKSIDE CONTACT|FINAL CLEAN|FINAL THICKNESS MEASURE|FINAL GEOMETRY CHECK|FINAL CD INSPECTION|FINAL PARTICLE INSPECTION|ELECTRICAL PARAMETRIC TEST|LEAKAGE TEST|SWITCHING TEST|WAFER SORT TEST|YIELD ANALYSIS|LOT RELEASE|SHIP LOT
id_valid_0035,mosfet,RECEIVE WAFER LOT|LOT IDENTIFICATION|PRE CLEAN INSPECTION|MEASURE THICKNESS|MEASURE SURFACE PARTICLES|PRE CLEAN WAFER|BACKSIDE CLEAN|RCA CLEAN 1|RCA CLEAN 2|HF DIP|SUBSTRATE CHECK|EPITAXY PREP|EPITAXIAL DEPOSITION|MEASURE EPITAXY THICKNESS|MEASURE RESISTIVITY|EPITAXY ANNEAL|WAFER SURFACE CLEAN|THERMAL OXIDATION|MEASURE OXIDE THICKNESS|SPIN COAT PHOTORESIST|SOFT BAKE|ALIGN MASK LEVEL 1|EXPOSE LITHO LEVEL 1|DEVELOP PHOTORESIST|PATTERN INSPECTION LEVEL 1|HARD BAKE|OXIDE ETCH|STRIP PHOTORESIST|CLEAN AFTER ETCH|MEASURE OPENING CD|IMPLANT WELL|DRIVE IN DIFFUSION|RAPID THERMAL ANNEAL|THERMAL OXIDATION|GATE OXIDE PREP|GATE OXIDE GROWTH|MEASURE GATE OXIDE THICKNESS|DEPOSIT POLYSILICON|POLYSILICON ANNEAL|SPIN COAT PHOTORESIST|SOFT BAKE|ALIGN MASK LEVEL 2|EXPOSE LITHO LEVEL 2|POST EXPOSE BAKE|DEVELOP PHOTORESIST|POLY PATTERN INSPECTION|POLYSILICON ETCH|STRIP PHOTORESIST|CLEAN AFTER POLY ETCH|MEASURE GATE CD|IMPLANT SOURCE DRAIN|LIGHT ANNEAL|MEASURE SHEET RESISTANCE|DEPOSIT SPACER DIELECTRIC|ANISOTROPIC ETCH SPACER|IMPLANT LDD|PRE ANNEAL CHECK|RAPID THERMAL ANNEAL|MEASURE JUNCTION PROFILE|DEPOSIT INTERLEVEL DIELECTRIC|DENSIFY OXIDE|MEASURE FILM THICKNESS|CMP INTERLAYER DIELECTRIC|MEASURE PLANARITY|SPIN COAT PHOTORESIST|SOFT BAKE|ALIGN MASK LEVEL 3|EXPOSE LITHO LEVEL 3|POST EXPOSE BAKE|DEVELOP PHOTORESIST|VIA INSPECTION|HARD BAKE|DIELECTRIC ETCH VIA|STRIP RESIST|CLEAN AFTER VIA ETCH|MEASURE VIA CD|DEPOSIT BARRIER METAL|DEPOSIT METAL SEED|FILL VIA METAL|CMP METAL|MEASURE CONTACT RESISTANCE|DEPOSIT METAL 1|ANNEAL METAL 1|SPIN COAT PHOTORESIST|SOFT BAKE|ALIGN MASK LEVEL 4|EXPOSE LITHO LEVEL 4|POST EXPOSE BAKE|DEVELOP PHOTORESIST|METAL PATTERN INSPECTION|HARD BAKE|METAL ETCH|STRIP RESIST|CLEAN AFTER METAL ETCH|MEASURE LINE WIDTH|DEPOSIT PASSIVATION|CURE PASSIVATION|MEASURE PASSIVATION QUALITY|OPEN BOND PAD WINDOW|OPEN PAD WINDOW LITHO|DEVELOP PAD WINDOW|PASSIVATION ETCH|STRIP PHOTORESIST|CLEAN PAD OPENING|MEASURE PAD OPENING|BACKSIDE CLEAN|BACKSIDE GRIND|MEASURE THICKNESS|BACKSIDE ETCH CLEAN|BACKSIDE RINSE|BACKSIDE DRY|BACKSIDE METALLIZATION PREP|DEPOSIT BACKSIDE METAL|BACKSIDE ANNEAL|MEASURE BACKSIDE CONTACT|FINAL CLEAN|FINAL THICKNESS MEASURE|FINAL PARTICLE INSPECTION|ELECTRICAL PARAMETRIC TEST|LEAKAGE TEST|THRESHOLD VOLTAGE TEST|SWITCHING TEST|WAFER SORT TEST|YIELD ANALYSIS|FINAL LOT RELEASE|SHIP LOT
id_forb_0033,mosfet,RECEIVE WAFER LOT|LOT IDENTIFICATION|INITIAL WAFER INSPECTION|MEASURE THICKNESS|MEASURE SURFACE PARTICLES|PRE CLEAN WAFER|BACKSIDE CLEAN|WET CLEAN RCA1|WET CLEAN RCA2|HF DIP|SUBSTRATE CHECK|EPITAXY PREP|EPITAXIAL DEPOSITION|MEASURE EPITAXY THICKNESS|MEASURE RESISTIVITY|EPITAXY ANNEAL|WAFER SURFACE CLEAN|THERMAL OXIDATION|MEASURE OXIDE THICKNESS|SPIN COAT PHOTORESIST|SOFT BAKE|ALIGN MASK LEVEL 1|EXPOSE LITHO LEVEL 1|DEVELOP PHOTORESIST|PATTERN INSPECTION LEVEL 1|HARD BAKE|OXIDE ETCH|STRIP PHOTORESIST|CLEAN AFTER ETCH|MEASURE OPENING CD|IMPLANT WELL|PRE ANNEAL CHECK|DRIVE IN DIFFUSION|RAPID THERMAL ANNEAL|MEASURE JUNCTION DEPTH|THERMAL OXIDATION|GATE OXIDE PREP|GATE OXIDE GROWTH|MEASURE GATE OXIDE THICKNESS|DEPOSIT POLYSILICON|POLYSILICON ANNEAL|MEASURE POLY THICKNESS|SPIN COAT PHOTORESIST|SOFT BAKE|ALIGN MASK LEVEL 2|EXPOSE LITHO LEVEL 2|POST EXPOSE BAKE|POLY PATTERN INSPECTION|POLYSILICON ETCH|STRIP RESIST|CLEAN AFTER POLY ETCH|MEASURE GATE CD|IMPLANT SOURCE DRAIN|PRE ANNEAL CHECK|LIGHT ANNEAL|MEASURE SHEET RESISTANCE|DEPOSIT SPACER DIELECTRIC|ANISOTROPIC ETCH SPACER|MEASURE SPACER WIDTH|IMPLANT LDD|PRE ANNEAL CHECK|RAPID THERMAL ANNEAL|MEASURE JUNCTION PROFILE|DEPOSIT INTERLEVEL DIELECTRIC|DENSIFY OXIDE|MEASURE FILM THICKNESS|CMP INTERLAYER DIELECTRIC|MEASURE SURFACE PLANARITY|SPIN COAT PHOTORESIST|SOFT BAKE|ALIGN MASK LEVEL 3|EXPOSE LITHO LEVEL 3|DEVELOP PHOTORESIST|VIA INSPECTION|DIELECTRIC ETCH VIA|STRIP RESIST|CLEAN AFTER VIA ETCH|MEASURE VIA CD|DEPOSIT BARRIER METAL|DEPOSIT METAL SEED|FILL VIA METAL|CMP VIA FILL|MEASURE VIA RESISTANCE|DEPOSIT METAL 1|ANNEAL METAL 1|SPIN COAT PHOTORESIST|SOFT BAKE|ALIGN MASK LEVEL 4|EXPOSE LITHO LEVEL 4|DEVELOP PHOTORESIST|METAL PATTERN INSPECTION|HARD BAKE|METAL ETCH|STRIP RESIST|CLEAN AFTER METAL ETCH|DEPOSIT PASSIVATION LAYER|CURE PASSIVATION|MEASURE PASSIVATION THICKNESS|OPEN BOND PAD WINDOW|OPEN PAD WINDOW LITHO|DEVELOP PHOTORESIST|PASSIVATION ETCH|STRIP PHOTORESIST|CLEAN PAD OPENING|MEASURE PAD OPENING|BACKSIDE CLEAN|BACKSIDE GRIND|MEASURE THICKNESS|BACKSIDE ETCH CLEAN|BACKSIDE RINSE|BACKSIDE DRY|BACKSIDE METALLIZATION PREP|DEPOSIT BACKSIDE METAL|BACKSIDE ANNEAL|MEASURE BACKSIDE CONTACT|FINAL CLEAN|FINAL GEOMETRY CHECK|FINAL PARTICLE INSPECTION|PARAMETRIC TEST|LEAKAGE TEST|THRESHOLD VOLTAGE TEST|SWITCHING TEST|WAFER SORT TEST|YIELD ANALYSIS|FINAL LOT RELEASE|SHIP LOT
id_valid_0039,igbt,RECEIVE WAFER LOT|LOT IDENTIFICATION|PRE CLEAN INSPECTION|MEASURE INITIAL THICKNESS|MEASURE SURFACE PARTICLES|PRE CLEAN WAFER|BACKSIDE CLEAN|FRONTSIDE CLEAN|WET CLEAN RCA1|RCA CLEAN 2|HF DIP|DRY WAFER|EPITAXIAL WAFER CHECK|MEASURE EPITAXY THICKNESS|MEASURE RESISTIVITY|EPITAXIAL REWORK CHECK|EPITAXIAL LAYER PREP|THERMAL OXIDATION|MEASURE OXIDE THICKNESS|SPIN COAT PHOTORESIST|SOFT BAKE|ALIGN MASK LEVEL 1|EXPOSE LITHO LEVEL 1|DEVELOP PHOTORESIST|INSPECT PATTERN LEVEL 1|OXIDE ETCH DRY|STRIP RESIST|CLEAN AFTER OXIDE ETCH|MEASURE OPENING CD|IMPLANT P BODY|PRE ANNEAL CHECK|DRIVE IN DIFFUSION|RAPID THERMAL ANNEAL|MEASURE JUNCTION DEPTH|THERMAL OXIDATION|SPIN COAT PHOTORESIST|SOFT BAKE|ALIGN MASK LEVEL 2|EXPOSE LITHO LEVEL 2|DEVELOP PHOTORESIST|P BODY WINDOW INSPECTION|ETCH SILICON OR OXIDE WINDOW|STRIP PHOTORESIST|CLEAN AFTER WINDOW ETCH|IMPLANT N BUFFER|PRE ANNEAL CHECK|RAPID THERMAL ANNEAL|DEPOSIT FIELD OXIDE|DENSIFY OXIDE|MEASURE FILM THICKNESS|SPIN COAT PHOTORESIST|SOFT BAKE|ALIGN MASK LEVEL 3|EXPOSE LITHO LEVEL 3|DEVELOP PHOTORESIST|FIELD PATTERN INSPECTION|FIELD OXIDE ETCH|STRIP PHOTORESIST|CLEAN AFTER FIELD ETCH|MEASURE SURFACE UNIFORMITY|IMPLANT SOURCE REGION|IMPLANT DRAIN / CATHODE REGION|PRE ANNEAL CHECK|RAPID THERMAL ANNEAL|DEPOSIT GATE OXIDE OR DIELECTRIC|ANNEAL DIELECTRIC|MEASURE OXIDE QUALITY|DEPOSIT POLYSILICON|POLYSILICON ANNEAL|MEASURE POLY THICKNESS|SPIN COAT PHOTORESIST|SOFT BAKE|ALIGN MASK LEVEL 4|EXPOSE LITHO LEVEL 4|DEVELOP PHOTORESIST|POLY PATTERN INSPECTION|POLYSILICON ETCH DRY|STRIP PHOTORESIST|CLEAN AFTER POLY ETCH|MEASURE GATE CD|IMPLANT CHANNEL STOP|PRE ANNEAL CHECK|RAPID THERMAL ANNEAL|MEASURE DEVICE PARAMETER|DEPOSIT INTERLAYER DIELECTRIC|DENSIFY OXIDE|MEASURE DIELECTRIC THICKNESS|CMP DIELECTRIC|MEASURE PLANARITY|SPIN COAT PHOTORESIST|SOFT BAKE|ALIGN MASK LEVEL 5|EXPOSE LITHO LEVEL 5|POST EXPOSE BAKE|DEVELOP PHOTORESIST|VIA OPENING INSPECTION|VIA ETCH|STRIP RESIST|CLEAN AFTER VIA ETCH|MEASURE VIA CD|DEPOSIT BARRIER METAL|DEPOSIT METAL SEED|FILL VIA METAL|CMP METAL|MEASURE CONTACT RESISTANCE|DEPOSIT METAL 1|ANNEAL METAL|MEASURE METAL THICKNESS|SPIN COAT PHOTORESIST|SOFT BAKE|ALIGN MASK LEVEL 6|EXPOSE LITHO LEVEL 6|POST EXPOSE BAKE|DEVELOP PHOTORESIST|METAL PATTERN INSPECTION|METAL ETCH DRY|STRIP PHOTORESIST|CLEAN AFTER METAL ETCH|DEPOSIT PASSIVATION LAYER|CURE PASSIVATION|MEASURE PASSIVATION QUALITY|OPEN PAD WINDOW|OPEN PAD WINDOW LITHO|DEVELOP PAD WINDOW|PASSIVATION ETCH PAD OPENING|STRIP PHOTORESIST|CLEAN PAD OPENING|MEASURE PAD OPENING|BACKSIDE GRIND|MEASURE WAFER THICKNESS|BACKSIDE ETCH CLEAN|BACKSIDE RINSE|BACKSIDE DRY|BACKSIDE METALLIZATION PREP|DEPOSIT BACKSIDE METAL|BACKSIDE ANNEAL|MEASURE BACKSIDE CONTACT|FINAL CLEAN|FINAL THICKNESS MEASURE|FINAL GEOMETRY CHECK|FINAL PARTICLE INSPECTION|ELECTRICAL PARAMETRIC TEST|LEAKAGE TEST|BREAKDOWN VOLTAGE TEST|SWITCHING TEST|YIELD ANALYSIS|WAFER SORT TEST|LOT RELEASE|SHIP LOT
id_valid_0020,igbt,RECEIVE WAFER LOT|LOT IDENTIFICATION|INITIAL WAFER INSPECTION|MEASURE INITIAL THICKNESS|MEASURE SURFACE PARTICLES|PRE CLEAN WAFER|BACKSIDE CLEAN|FRONTSIDE CLEAN|WET CLEAN RCA1|RCA CLEAN 2|HF DIP|DRY WAFER|EPITAXIAL WAFER CHECK|MEASURE EPITAXY THICKNESS|MEASURE RESISTIVITY|EPITAXIAL LAYER PREP|THERMAL OXIDATION|MEASURE OXIDE THICKNESS|SPIN COAT PHOTORESIST|SOFT BAKE|ALIGN MASK LEVEL 1|EXPOSE LITHO LEVEL 1|POST EXPOSE BAKE|DEVELOP PHOTORESIST|INSPECT PATTERN LEVEL 1|OXIDE ETCH DRY|STRIP PHOTORESIST|CLEAN AFTER OXIDE ETCH|MEASURE OPENING CD|IMPLANT P BODY|PRE ANNEAL CHECK|DRIVE IN DIFFUSION|RAPID THERMAL ANNEAL|MEASURE JUNCTION DEPTH|THERMAL OXIDATION|SPIN COAT PHOTORESIST|SOFT BAKE|ALIGN MASK LEVEL 2|EXPOSE LITHO LEVEL 2|POST EXPOSE BAKE|DEVELOP PHOTORESIST|P BODY WINDOW INSPECTION|ETCH SILICON OR OXIDE WINDOW|STRIP PHOTORESIST|CLEAN AFTER WINDOW ETCH|MEASURE WINDOW CD|IMPLANT N BUFFER|PRE ANNEAL CHECK|RAPID THERMAL ANNEAL|MEASURE SHEET RESISTANCE|DEPOSIT FIELD OXIDE|DENSIFY OXIDE|MEASURE FILM THICKNESS|SPIN COAT PHOTORESIST|SOFT BAKE|ALIGN MASK LEVEL 3|EXPOSE LITHO LEVEL 3|POST EXPOSE BAKE|DEVELOP PHOTORESIST|FIELD PATTERN INSPECTION|FIELD OXIDE ETCH|STRIP RESIST|CLEAN AFTER FIELD ETCH|IMPLANT SOURCE REGION|IMPLANT DRAIN / CATHODE REGION|PRE ANNEAL CHECK|RAPID THERMAL ANNEAL|DEPOSIT GATE OXIDE OR DIELECTRIC|ANNEAL DIELECTRIC|DEPOSIT POLYSILICON|POLYSILICON ANNEAL|MEASURE POLY THICKNESS|SPIN COAT PHOTORESIST|SOFT BAKE|ALIGN MASK LEVEL 4|EXPOSE LITHO LEVEL 4|DEVELOP PHOTORESIST|POLY PATTERN INSPECTION|HARD BAKE|POLYSILICON ETCH DRY|STRIP RESIST|CLEAN AFTER POLY ETCH|IMPLANT CHANNEL STOP|RAPID THERMAL ANNEAL|DEPOSIT INTERLAYER DIELECTRIC|DENSIFY DIELECTRIC|MEASURE DIELECTRIC THICKNESS|CMP DIELECTRIC|MEASURE SURFACE PLANARITY|SPIN COAT PHOTORESIST|SOFT BAKE|ALIGN MASK LEVEL 5|EXPOSE LITHO LEVEL 5|DEVELOP PHOTORESIST|VIA INSPECTION|DIELECTRIC ETCH VIA|STRIP PHOTORESIST|CLEAN AFTER VIA ETCH|MEASURE VIA CD|DEPOSIT BARRIER METAL|DEPOSIT METAL SEED|FILL VIA METAL|CMP VIA FILL|DEPOSIT TOP METAL|ANNEAL METAL|MEASURE METAL THICKNESS|SPIN COAT PHOTORESIST|SOFT BAKE|ALIGN MASK LEVEL 6|EXPOSE LITHO LEVEL 6|POST EXPOSE BAKE|DEVELOP PHOTORESIST|METAL PATTERN INSPECTION|HARD BAKE|METAL ETCH DRY|STRIP PHOTORESIST|CLEAN AFTER METAL ETCH|MEASURE LINE WIDTH|DEPOSIT PASSIVATION LAYER|CURE PASSIVATION|MEASURE PASSIVATION THICKNESS|OPEN PAD WINDOW|OPEN PAD WINDOW LITHO|DEVELOP PAD WINDOW|PASSIVATION ETCH PAD OPENING|STRIP RESIST|CLEAN PAD OPENING|MEASURE PAD OPENING|BACKSIDE GRIND|MEASURE THICKNESS|BACKSIDE ETCH CLEAN|BACKSIDE RINSE|BACKSIDE DRY|BACKSIDE METALLIZATION PREP|DEPOSIT BACKSIDE METAL|BACKSIDE ANNEAL|MEASURE BACKSIDE CONTACT|FINAL CLEAN|FINAL THICKNESS MEASURE|FINAL GEOMETRY CHECK|FINAL PARTICLE INSPECTION|ELECTRICAL PARAMETRIC TEST|LEAKAGE TEST|BREAKDOWN VOLTAGE TEST|SWITCHING TEST|YIELD ANALYSIS|WAFER SORT TEST|FINAL LOT RELEASE|SHIP LOT
id_forb_0022,mosfet,RECEIVE WAFER LOT|IMPLANT SOURCE DRAIN|LOT IDENTIFICATION|INITIAL WAFER INSPECTION|MEASURE THICKNESS|PRE CLEAN WAFER|FRONTSIDE CLEAN|RCA CLEAN 1|RCA CLEAN 2|HF DIP|DRY WAFER|SUBSTRATE CHECK|EPITAXY PREP|EPITAXIAL DEPOSITION|MEASURE EPITAXY THICKNESS|MEASURE RESISTIVITY|EPITAXY ANNEAL|WAFER SURFACE CLEAN|THERMAL OXIDATION|MEASURE OXIDE THICKNESS|SPIN COAT PHOTORESIST|SOFT BAKE|ALIGN MASK LEVEL 1|EXPOSE LITHO LEVEL 1|DEVELOP PHOTORESIST|PATTERN INSPECTION LEVEL 1|OXIDE ETCH|STRIP PHOTORESIST|CLEAN AFTER ETCH|MEASURE OPENING CD|IMPLANT WELL|DRIVE IN DIFFUSION|RAPID THERMAL ANNEAL|MEASURE JUNCTION DEPTH|THERMAL OXIDATION|GATE OXIDE PREP|GATE OXIDE GROWTH|MEASURE GATE OXIDE THICKNESS|DEPOSIT POLYSILICON|POLYSILICON ANNEAL|MEASURE POLY THICKNESS|SPIN COAT PHOTORESIST|SOFT BAKE|ALIGN MASK LEVEL 2|EXPOSE LITHO LEVEL 2|DEVELOP PHOTORESIST|POLY PATTERN INSPECTION|POLYSILICON ETCH|STRIP RESIST|CLEAN AFTER POLY ETCH|MEASURE GATE CD|LIGHT ANNEAL|MEASURE SHEET RESISTANCE|DEPOSIT SPACER DIELECTRIC|ANISOTROPIC ETCH SPACER|MEASURE SPACER WIDTH|IMPLANT LDD|PRE ANNEAL CHECK|RAPID THERMAL ANNEAL|MEASURE JUNCTION PROFILE|DEPOSIT INTERLAYER DIELECTRIC|DENSIFY DIELECTRIC|MEASURE DIELECTRIC THICKNESS|CMP INTERLAYER DIELECTRIC|MEASURE PLANARITY|SPIN COAT PHOTORESIST|SOFT BAKE|ALIGN MASK LEVEL 3|EXPOSE LITHO LEVEL 3|DEVELOP PHOTORESIST|VIA INSPECTION|HARD BAKE|VIA ETCH|STRIP RESIST|CLEAN AFTER VIA ETCH|MEASURE VIA CD|DEPOSIT BARRIER METAL|DEPOSIT METAL SEED|FILL VIA METAL|CMP METAL|MEASURE VIA RESISTANCE|DEPOSIT TOP METAL|ANNEAL METAL|MEASURE METAL THICKNESS|SPIN COAT PHOTORESIST|SOFT BAKE|ALIGN MASK LEVEL 4|EXPOSE LITHO LEVEL 4|DEVELOP PHOTORESIST|METAL PATTERN INSPECTION|METAL ETCH|STRIP PHOTORESIST|CLEAN AFTER METAL ETCH|MEASURE LINE WIDTH|DEPOSIT PASSIVATION|CURE PASSIVATION|MEASURE PASSIVATION THICKNESS|OPEN PAD WINDOW|OPEN PAD WINDOW LITHO|DEVELOP PHOTORESIST|PASSIVATION ETCH PAD OPENING|STRIP PHOTORESIST|CLEAN PAD OPENING|MEASURE PAD OPENING|BACKSIDE CLEAN|BACKSIDE GRIND|MEASURE THICKNESS|BACKSIDE ETCH CLEAN|BACKSIDE RINSE|BACKSIDE DRY|BACKSIDE METALLIZATION PREP|DEPOSIT BACKSIDE METAL|BACKSIDE ANNEAL|MEASURE BACKSIDE CONTACT|FINAL CLEAN|FINAL THICKNESS MEASURE|FINAL GEOMETRY CHECK|FINAL PARTICLE INSPECTION|PARAMETRIC TEST|LEAKAGE TEST|THRESHOLD VOLTAGE TEST|SWITCHING TEST|WAFER SORT TEST|YIELD ANALYSIS|FINAL LOT RELEASE|SHIP LOT
id_forb_0013,igbt,RECEIVE WAFER LOT|CMP DIELECTRIC|LOT IDENTIFICATION|PRE CLEAN INSPECTION|MEASURE INITIAL THICKNESS|MEASURE SURFACE PARTICLES|PRE CLEAN WAFER|BACKSIDE CLEAN|FRONTSIDE CLEAN|RCA CLEAN 1|RCA CLEAN 2|HF DIP|DRY WAFER|EPITAXIAL WAFER CHECK|MEASURE EPITAXY THICKNESS|MEASURE RESISTIVITY|EPITAXIAL REWORK CHECK|EPITAXIAL LAYER PREP|THERMAL OXIDATION|MEASURE OXIDE THICKNESS|SPIN COAT PHOTORESIST|SOFT BAKE|ALIGN MASK LEVEL 1|EXPOSE LITHO LEVEL 1|DEVELOP PHOTORESIST|INSPECT PATTERN LEVEL 1|HARD BAKE|OXIDE ETCH DRY|STRIP PHOTORESIST|CLEAN AFTER OXIDE ETCH|MEASURE OPENING CD|IMPLANT P BODY|DRIVE IN DIFFUSION|RAPID THERMAL ANNEAL|MEASURE JUNCTION DEPTH|THERMAL OXIDATION|SPIN COAT PHOTORESIST|SOFT BAKE|ALIGN MASK LEVEL 2|EXPOSE LITHO LEVEL 2|DEVELOP PHOTORESIST|P BODY WINDOW INSPECTION|ETCH SILICON OR OXIDE WINDOW|STRIP RESIST|CLEAN AFTER WINDOW ETCH|IMPLANT N BUFFER|RAPID THERMAL ANNEAL|MEASURE SHEET RESISTANCE|DEPOSIT FIELD OXIDE|DENSIFY OXIDE|SPIN COAT PHOTORESIST|SOFT BAKE|ALIGN MASK LEVEL 3|EXPOSE LITHO LEVEL 3|DEVELOP PHOTORESIST|FIELD PATTERN INSPECTION|FIELD OXIDE ETCH|STRIP PHOTORESIST|CLEAN AFTER FIELD ETCH|MEASURE SURFACE UNIFORMITY|IMPLANT SOURCE REGION|IMPLANT DRAIN / CATHODE REGION|PRE ANNEAL CHECK|RAPID THERMAL ANNEAL|MEASURE SHEET RESISTANCE|DEPOSIT GATE OXIDE OR DIELECTRIC|ANNEAL DIELECTRIC|DEPOSIT POLYSILICON|POLYSILICON ANNEAL|MEASURE POLY THICKNESS|SPIN COAT PHOTORESIST|SOFT BAKE|ALIGN MASK LEVEL 4|EXPOSE LITHO LEVEL 4|DEVELOP PHOTORESIST|POLY PATTERN INSPECTION|HARD BAKE|POLYSILICON ETCH DRY|STRIP PHOTORESIST|CLEAN AFTER POLY ETCH|MEASURE GATE CD|IMPLANT CHANNEL STOP|RAPID THERMAL ANNEAL|DEPOSIT INTERLAYER DIELECTRIC|DENSIFY DIELECTRIC|MEASURE FILM THICKNESS|MEASURE PLANARITY|SPIN COAT PHOTORESIST|SOFT BAKE|ALIGN MASK LEVEL 5|EXPOSE LITHO LEVEL 5|POST EXPOSE BAKE|DEVELOP PHOTORESIST|VIA OPENING INSPECTION|HARD BAKE|DIELECTRIC ETCH VIA|STRIP PHOTORESIST|CLEAN AFTER VIA ETCH|MEASURE VIA CD|DEPOSIT BARRIER METAL|DEPOSIT METAL SEED|FILL VIA METAL|CMP VIA FILL|MEASURE VIA RESISTANCE|DEPOSIT TOP METAL|ANNEAL METAL|SPIN COAT PHOTORESIST|SOFT BAKE|ALIGN MASK LEVEL 6|EXPOSE LITHO LEVEL 6|DEVELOP PHOTORESIST|METAL PATTERN INSPECTION|METAL ETCH DRY|STRIP PHOTORESIST|CLEAN AFTER METAL ETCH|DEPOSIT PASSIVATION|CURE PASSIVATION|MEASURE PASSIVATION THICKNESS|OPEN BOND PAD WINDOW|OPEN PAD WINDOW LITHO|DEVELOP PHOTORESIST|PASSIVATION ETCH PAD OPENING|STRIP RESIST|CLEAN PAD OPENING|MEASURE PAD OPENING|BACKSIDE GRIND|MEASURE WAFER THICKNESS|BACKSIDE ETCH CLEAN|BACKSIDE RINSE|BACKSIDE DRY|BACKSIDE METALLIZATION PREP|DEPOSIT BACKSIDE METAL|BACKSIDE ANNEAL|MEASURE BACKSIDE CONTACT|FINAL CLEAN|FINAL THICKNESS MEASURE|FINAL GEOMETRY CHECK|FINAL CD INSPECTION|PARAMETRIC TEST|LEAKAGE TEST|BREAKDOWN VOLTAGE TEST|SWITCHING TEST|YIELD ANALYSIS|WAFER SORT TEST|FINAL LOT RELEASE|SHIP LOT
id_forb_0003,mosfet,RECEIVE WAFER LOT|SWITCHING TEST|LOT IDENTIFICATION|INITIAL WAFER INSPECTION|MEASURE THICKNESS|MEASURE SURFACE PARTICLES|PRE CLEAN WAFER|BACKSIDE CLEAN|RCA CLEAN 1|WET CLEAN RCA2|HF DIP|DRY WAFER|SUBSTRATE CHECK|EPITAXY PREP|EPITAXIAL DEPOSITION|MEASURE EPITAXY THICKNESS|MEASURE RESISTIVITY|EPITAXY ANNEAL|WAFER SURFACE CLEAN|THERMAL OXIDATION|MEASURE OXIDE THICKNESS|SPIN COAT PHOTORESIST|SOFT BAKE|ALIGN MASK LEVEL 1|EXPOSE LITHO LEVEL 1|POST EXPOSE BAKE|DEVELOP PHOTORESIST|PATTERN INSPECTION LEVEL 1|HARD BAKE|OXIDE ETCH|STRIP PHOTORESIST|CLEAN AFTER ETCH|IMPLANT WELL|DRIVE IN DIFFUSION|RAPID THERMAL ANNEAL|THERMAL OXIDATION|GATE OXIDE PREP|GATE OXIDE GROWTH|MEASURE GATE OXIDE THICKNESS|DEPOSIT POLYSILICON|POLYSILICON ANNEAL|MEASURE POLY THICKNESS|SPIN COAT PHOTORESIST|SOFT BAKE|ALIGN MASK LEVEL 2|EXPOSE LITHO LEVEL 2|POST EXPOSE BAKE|DEVELOP PHOTORESIST|POLY PATTERN INSPECTION|HARD BAKE|POLYSILICON ETCH|STRIP RESIST|CLEAN AFTER POLY ETCH|MEASURE GATE CD|IMPLANT SOURCE DRAIN|PRE ANNEAL CHECK|LIGHT ANNEAL|MEASURE SHEET RESISTANCE|DEPOSIT SPACER DIELECTRIC|ANISOTROPIC ETCH SPACER|MEASURE SPACER WIDTH|IMPLANT LDD|RAPID THERMAL ANNEAL|MEASURE JUNCTION PROFILE|DEPOSIT INTERLEVEL DIELECTRIC|DENSIFY OXIDE|MEASURE DIELECTRIC THICKNESS|CMP DIELECTRIC|MEASURE PLANARITY|SPIN COAT PHOTORESIST|SOFT BAKE|ALIGN MASK LEVEL 3|EXPOSE LITHO LEVEL 3|DEVELOP PHOTORESIST|VIA INSPECTION|VIA ETCH THROUGH DIELECTRIC|STRIP RESIST|CLEAN AFTER VIA ETCH|MEASURE VIA CD|DEPOSIT BARRIER METAL|DEPOSIT METAL SEED|FILL VIA METAL|CMP VIA FILL|MEASURE VIA RESISTANCE|DEPOSIT METAL 1|ANNEAL METAL 1|SPIN COAT PHOTORESIST|SOFT BAKE|ALIGN MASK LEVEL 4|EXPOSE LITHO LEVEL 4|DEVELOP PHOTORESIST|METAL PATTERN INSPECTION|HARD BAKE|METAL ETCH|STRIP PHOTORESIST|CLEAN AFTER METAL ETCH|MEASURE LINE WIDTH|DEPOSIT PASSIVATION LAYER|CURE PASSIVATION|MEASURE PASSIVATION THICKNESS|OPEN PAD WINDOW|PAD WINDOW LITHO|DEVELOP PAD WINDOW|PASSIVATION ETCH|STRIP RESIST|CLEAN PAD OPENING|MEASURE PAD OPENING|BACKSIDE CLEAN|BACKSIDE GRIND|MEASURE THICKNESS|BACKSIDE ETCH CLEAN|BACKSIDE RINSE|BACKSIDE DRY|BACKSIDE METALLIZATION PREP|DEPOSIT BACKSIDE METAL|BACKSIDE ANNEAL|MEASURE BACKSIDE CONTACT|FINAL CLEAN|FINAL THICKNESS MEASURE|FINAL PARTICLE INSPECTION|ELECTRICAL PARAMETRIC TEST|LEAKAGE TEST|THRESHOLD VOLTAGE TEST|WAFER SORT TEST|YIELD ANALYSIS|LOT RELEASE|SHIP LOT
id_valid_0034,mosfet,RECEIVE WAFER LOT|LOT IDENTIFICATION|PRE CLEAN INSPECTION|MEASURE THICKNESS|MEASURE SURFACE PARTICLES|PRE CLEAN WAFER|BACKSIDE CLEAN|RCA CLEAN 1|WET CLEAN RCA2|HF DIP|DRY WAFER|SUBSTRATE CHECK|EPITAXY PREP|EPITAXIAL DEPOSITION|MEASURE EPITAXY THICKNESS|MEASURE RESISTIVITY|EPITAXY ANNEAL|WAFER SURFACE CLEAN|THERMAL OXIDATION|MEASURE OXIDE THICKNESS|SPIN COAT PHOTORESIST|SOFT BAKE|ALIGN MASK LEVEL 1|EXPOSE LITHO LEVEL 1|POST EXPOSE BAKE|DEVELOP PHOTORESIST|PATTERN INSPECTION LEVEL 1|OXIDE ETCH|STRIP RESIST|CLEAN AFTER ETCH|MEASURE OPENING CD|IMPLANT WELL|DRIVE IN DIFFUSION|RAPID THERMAL ANNEAL|MEASURE JUNCTION DEPTH|THERMAL OXIDATION|GATE OXIDE PREP|GATE OXIDE GROWTH|MEASURE GATE OXIDE THICKNESS|DEPOSIT POLYSILICON|POLYSILICON ANNEAL|MEASURE POLY THICKNESS|SPIN COAT PHOTORESIST|SOFT BAKE|ALIGN MASK LEVEL 2|EXPOSE LITHO LEVEL 2|DEVELOP PHOTORESIST|POLY PATTERN INSPECTION|HARD BAKE|POLYSILICON ETCH|STRIP PHOTORESIST|CLEAN AFTER POLY ETCH|IMPLANT SOURCE DRAIN|LIGHT ANNEAL|MEASURE SHEET RESISTANCE|DEPOSIT SPACER DIELECTRIC|ANISOTROPIC ETCH SPACER|IMPLANT LDD|PRE ANNEAL CHECK|RAPID THERMAL ANNEAL|MEASURE JUNCTION PROFILE|DEPOSIT INTERLEVEL DIELECTRIC|DENSIFY DIELECTRIC|MEASURE FILM THICKNESS|CMP DIELECTRIC|MEASURE PLANARITY|SPIN COAT PHOTORESIST|SOFT BAKE|ALIGN MASK LEVEL 3|EXPOSE LITHO LEVEL 3|DEVELOP PHOTORESIST|VIA OPENING INSPECTION|VIA ETCH THROUGH DIELECTRIC|STRIP RESIST|CLEAN AFTER VIA ETCH|MEASURE VIA CD|DEPOSIT BARRIER METAL|DEPOSIT METAL SEED|FILL VIA METAL|CMP METAL|MEASURE VIA RESISTANCE|DEPOSIT TOP METAL|ANNEAL METAL|SPIN COAT PHOTORESIST|SOFT BAKE|ALIGN MASK LEVEL 4|EXPOSE LITHO LEVEL 4|POST EXPOSE BAKE|DEVELOP PHOTORESIST|METAL PATTERN INSPECTION|METAL ETCH|STRIP RESIST|CLEAN AFTER METAL ETCH|MEASURE LINE WIDTH|DEPOSIT PASSIVATION LAYER|CURE PASSIVATION|MEASURE PASSIVATION QUALITY|OPEN BOND PAD WINDOW|PAD WINDOW LITHO|DEVELOP PHOTORESIST|PASSIVATION ETCH|STRIP PHOTORESIST|CLEAN PAD OPENING|MEASURE PAD OPENING|BACKSIDE CLEAN|BACKSIDE GRIND|MEASURE WAFER THICKNESS|BACKSIDE ETCH CLEAN|BACKSIDE RINSE|BACKSIDE DRY|BACKSIDE METALLIZATION PREP|DEPOSIT BACKSIDE METAL|BACKSIDE ANNEAL|MEASURE BACKSIDE CONTACT|FINAL CLEAN|FINAL THICKNESS MEASURE|FINAL GEOMETRY CHECK|FINAL CD INSPECTION|FINAL PARTICLE INSPECTION|PARAMETRIC TEST|LEAKAGE TEST|THRESHOLD VOLTAGE TEST|SWITCHING TEST|WAFER SORT TEST|YIELD ANALYSIS|LOT RELEASE|SHIP LOT
id_valid_0007,igbt,RECEIVE WAFER LOT|LOT IDENTIFICATION|PRE CLEAN INSPECTION|MEASURE INITIAL THICKNESS|MEASURE SURFACE PARTICLES|PRE CLEAN WAFER|BACKSIDE CLEAN|FRONTSIDE CLEAN|WET CLEAN RCA1|RCA CLEAN 2|HF DIP|DRY WAFER|EPITAXIAL WAFER CHECK|MEASURE EPITAXY THICKNESS|MEASURE RESISTIVITY|EPITAXIAL LAYER PREP|THERMAL OXIDATION|MEASURE OXIDE THICKNESS|SPIN COAT PHOTORESIST|SOFT BAKE|ALIGN MASK LEVEL 1|EXPOSE LITHO LEVEL 1|POST EXPOSE BAKE|DEVELOP PHOTORESIST|INSPECT PATTERN LEVEL 1|HARD BAKE|OXIDE ETCH DRY|STRIP PHOTORESIST|CLEAN AFTER OXIDE ETCH|MEASURE OPENING CD|IMPLANT P BODY|PRE ANNEAL CHECK|DRIVE IN DIFFUSION|RAPID THERMAL ANNEAL|THERMAL OXIDATION|SPIN COAT PHOTORESIST|SOFT BAKE|ALIGN MASK LEVEL 2|EXPOSE LITHO LEVEL 2|DEVELOP PHOTORESIST|P BODY WINDOW INSPECTION|ETCH SILICON OR OXIDE WINDOW|STRIP PHOTORESIST|CLEAN AFTER WINDOW ETCH|MEASURE WINDOW CD|IMPLANT N BUFFER|RAPID THERMAL ANNEAL|MEASURE SHEET RESISTANCE|DEPOSIT FIELD OXIDE|DENSIFY OXIDE|MEASURE FILM THICKNESS|SPIN COAT PHOTORESIST|SOFT BAKE|ALIGN MASK LEVEL 3|EXPOSE LITHO LEVEL 3|DEVELOP PHOTORESIST|FIELD PATTERN INSPECTION|FIELD OXIDE ETCH|STRIP RESIST|CLEAN AFTER FIELD ETCH|IMPLANT SOURCE REGION|IMPLANT DRAIN / CATHODE REGION|PRE ANNEAL CHECK|RAPID THERMAL ANNEAL|DEPOSIT GATE OXIDE OR DIELECTRIC|ANNEAL DIELECTRIC|MEASURE OXIDE QUALITY|DEPOSIT POLYSILICON|POLYSILICON ANNEAL|SPIN COAT PHOTORESIST|SOFT BAKE|ALIGN MASK LEVEL 4|EXPOSE LITHO LEVEL 4|DEVELOP PHOTORESIST|POLY PATTERN INSPECTION|POLYSILICON ETCH DRY|STRIP RESIST|CLEAN AFTER POLY ETCH|MEASURE GATE CD|IMPLANT CHANNEL STOP|PRE ANNEAL CHECK|RAPID THERMAL ANNEAL|MEASURE DEVICE PARAMETER|DEPOSIT INTERLEVEL DIELECTRIC|DENSIFY DIELECTRIC|MEASURE DIELECTRIC THICKNESS|CMP DIELECTRIC|MEASURE PLANARITY|SPIN COAT PHOTORESIST|SOFT BAKE|ALIGN MASK LEVEL 5|EXPOSE LITHO LEVEL 5|DEVELOP PHOTORESIST|VIA OPENING INSPECTION|DIELECTRIC ETCH VIA|STRIP RESIST|CLEAN AFTER VIA ETCH|MEASURE VIA CD|DEPOSIT BARRIER METAL|DEPOSIT METAL SEED|FILL VIA METAL|CMP METAL|DEPOSIT TOP METAL|ANNEAL METAL 1|SPIN COAT PHOTORESIST|SOFT BAKE|ALIGN MASK LEVEL 6|EXPOSE LITHO LEVEL 6|DEVELOP PHOTORESIST|METAL PATTERN INSPECTION|METAL ETCH DRY|STRIP PHOTORESIST|CLEAN AFTER METAL ETCH|MEASURE LINE WIDTH|DEPOSIT PASSIVATION LAYER|CURE PASSIVATION|MEASURE PASSIVATION THICKNESS|OPEN PAD WINDOW|PAD WINDOW LITHO|DEVELOP PHOTORESIST|PASSIVATION ETCH PAD OPENING|STRIP RESIST|CLEAN PAD OPENING|MEASURE PAD OPENING|BACKSIDE GRIND|MEASURE THICKNESS|BACKSIDE ETCH CLEAN|BACKSIDE RINSE|BACKSIDE DRY|BACKSIDE METALLIZATION PREP|DEPOSIT BACKSIDE METAL|BACKSIDE ANNEAL|MEASURE BACKSIDE CONTACT|FINAL CLEAN|FINAL THICKNESS MEASURE|ELECTRICAL PARAMETRIC TEST|LEAKAGE TEST|BREAKDOWN VOLTAGE TEST|SWITCHING TEST|YIELD ANALYSIS|WAFER SORT TEST|LOT RELEASE|SHIP LOT
id_valid_0008,mosfet,RECEIVE WAFER LOT|LOT IDENTIFICATION|INITIAL WAFER INSPECTION|MEASURE SURFACE PARTICLES|PRE CLEAN WAFER|BACKSIDE CLEAN|FRONTSIDE CLEAN|WET CLEAN RCA1|WET CLEAN RCA2|HF DIP|SUBSTRATE CHECK|EPITAXY PREP|EPITAXIAL DEPOSITION|MEASURE EPITAXY THICKNESS|MEASURE RESISTIVITY|EPITAXY ANNEAL|WAFER SURFACE CLEAN|THERMAL OXIDATION|MEASURE OXIDE THICKNESS|SPIN COAT PHOTORESIST|SOFT BAKE|ALIGN MASK LEVEL 1|EXPOSE LITHO LEVEL 1|DEVELOP PHOTORESIST|PATTERN INSPECTION LEVEL 1|HARD BAKE|OXIDE ETCH|STRIP RESIST|CLEAN AFTER ETCH|IMPLANT WELL|PRE ANNEAL CHECK|DRIVE IN DIFFUSION|RAPID THERMAL ANNEAL|MEASURE JUNCTION DEPTH|THERMAL OXIDATION|GATE OXIDE PREP|GATE OXIDE GROWTH|MEASURE GATE OXIDE THICKNESS|DEPOSIT POLYSILICON|POLYSILICON ANNEAL|MEASURE POLY THICKNESS|SPIN COAT PHOTORESIST|SOFT BAKE|ALIGN MASK LEVEL 2|EXPOSE LITHO LEVEL 2|DEVELOP PHOTORESIST|POLY PATTERN INSPECTION|POLYSILICON ETCH|STRIP RESIST|CLEAN AFTER POLY ETCH|MEASURE GATE CD|IMPLANT SOURCE DRAIN|LIGHT ANNEAL|MEASURE SHEET RESISTANCE|DEPOSIT SPACER DIELECTRIC|ANISOTROPIC ETCH SPACER|MEASURE SPACER WIDTH|IMPLANT LDD|RAPID THERMAL ANNEAL|MEASURE JUNCTION PROFILE|DEPOSIT INTERLAYER DIELECTRIC|DENSIFY OXIDE|MEASURE FILM THICKNESS|CMP INTERLAYER DIELECTRIC|MEASURE SURFACE PLANARITY|SPIN COAT PHOTORESIST|SOFT BAKE|ALIGN MASK LEVEL 3|EXPOSE LITHO LEVEL 3|DEVELOP PHOTORESIST|VIA OPENING INSPECTION|DIELECTRIC ETCH VIA|STRIP RESIST|CLEAN AFTER VIA ETCH|MEASURE VIA CD|DEPOSIT BARRIER METAL|DEPOSIT METAL SEED|FILL VIA METAL|CMP METAL|MEASURE VIA RESISTANCE|DEPOSIT TOP METAL|ANNEAL METAL|SPIN COAT PHOTORESIST|SOFT BAKE|ALIGN MASK LEVEL 4|EXPOSE LITHO LEVEL 4|DEVELOP PHOTORESIST|METAL PATTERN INSPECTION|METAL ETCH|STRIP PHOTORESIST|CLEAN AFTER METAL ETCH|DEPOSIT PASSIVATION|CURE PASSIVATION|MEASURE PASSIVATION THICKNESS|OPEN BOND PAD WINDOW|PAD WINDOW LITHO|DEVELOP PAD WINDOW|PASSIVATION ETCH PAD OPENING|STRIP RESIST|CLEAN PAD OPENING|MEASURE PAD OPENING|BACKSIDE CLEAN|BACKSIDE GRIND|MEASURE WAFER THICKNESS|BACKSIDE ETCH CLEAN|BACKSIDE RINSE|BACKSIDE DRY|BACKSIDE METALLIZATION PREP|DEPOSIT BACKSIDE METAL|BACKSIDE ANNEAL|MEASURE BACKSIDE CONTACT|FINAL CLEAN|FINAL PARTICLE INSPECTION|PARAMETRIC TEST|LEAKAGE TEST|THRESHOLD VOLTAGE TEST|SWITCHING TEST|WAFER SORT TEST|YIELD ANALYSIS|FINAL LOT RELEASE|SHIP LOT
id_forb_0029,igbt,RECEIVE WAFER LOT|SHIP LOT|LOT IDENTIFICATION|INITIAL WAFER INSPECTION|MEASURE INITIAL THICKNESS|MEASURE SURFACE PARTICLES|PRE CLEAN WAFER|BACKSIDE CLEAN|FRONTSIDE CLEAN|RCA CLEAN 1|RCA CLEAN 2|HF DIP|DRY WAFER|EPITAXIAL WAFER CHECK|MEASURE EPITAXY THICKNESS|MEASURE RESISTIVITY|EPITAXIAL REWORK CHECK|EPITAXIAL LAYER PREP|THERMAL OXIDATION|MEASURE OXIDE THICKNESS|SPIN COAT PHOTORESIST|SOFT BAKE|ALIGN MASK LEVEL 1|EXPOSE LITHO LEVEL 1|POST EXPOSE BAKE|DEVELOP PHOTORESIST|INSPECT PATTERN LEVEL 1|HARD BAKE|OXIDE ETCH DRY|STRIP PHOTORESIST|CLEAN AFTER OXIDE ETCH|IMPLANT P BODY|DRIVE IN DIFFUSION|RAPID THERMAL ANNEAL|MEASURE JUNCTION DEPTH|THERMAL OXIDATION|SPIN COAT PHOTORESIST|SOFT BAKE|ALIGN MASK LEVEL 2|EXPOSE LITHO LEVEL 2|POST EXPOSE BAKE|DEVELOP PHOTORESIST|P BODY WINDOW INSPECTION|HARD BAKE|ETCH SILICON OR OXIDE WINDOW|STRIP PHOTORESIST|CLEAN AFTER WINDOW ETCH|IMPLANT N BUFFER|RAPID THERMAL ANNEAL|MEASURE SHEET RESISTANCE|DEPOSIT FIELD OXIDE|DENSIFY OXIDE|SPIN COAT PHOTORESIST|SOFT BAKE|ALIGN MASK LEVEL 3|EXPOSE LITHO LEVEL 3|DEVELOP PHOTORESIST|FIELD PATTERN INSPECTION|FIELD OXIDE ETCH|STRIP PHOTORESIST|CLEAN AFTER FIELD ETCH|MEASURE SURFACE UNIFORMITY|IMPLANT SOURCE REGION|IMPLANT DRAIN / CATHODE REGION|PRE ANNEAL CHECK|RAPID THERMAL ANNEAL|MEASURE SHEET RESISTANCE|DEPOSIT GATE OXIDE OR DIELECTRIC|ANNEAL DIELECTRIC|MEASURE OXIDE QUALITY|DEPOSIT POLYSILICON|POLYSILICON ANNEAL|MEASURE POLY THICKNESS|SPIN COAT PHOTORESIST|SOFT BAKE|ALIGN MASK LEVEL 4|EXPOSE LITHO LEVEL 4|DEVELOP PHOTORESIST|POLY PATTERN INSPECTION|POLYSILICON ETCH DRY|STRIP PHOTORESIST|CLEAN AFTER POLY ETCH|MEASURE GATE CD|IMPLANT CHANNEL STOP|PRE ANNEAL CHECK|RAPID THERMAL ANNEAL|DEPOSIT INTERLAYER DIELECTRIC|DENSIFY DIELECTRIC|MEASURE DIELECTRIC THICKNESS|CMP DIELECTRIC|MEASURE PLANARITY|SPIN COAT PHOTORESIST|SOFT BAKE|ALIGN MASK LEVEL 5|EXPOSE LITHO LEVEL 5|POST EXPOSE BAKE|DEVELOP PHOTORESIST|VIA OPENING INSPECTION|DIELECTRIC ETCH VIA|STRIP PHOTORESIST|CLEAN AFTER VIA ETCH|MEASURE VIA CD|DEPOSIT BARRIER METAL|DEPOSIT METAL SEED|FILL VIA METAL|CMP METAL|MEASURE VIA RESISTANCE|DEPOSIT METAL 1|ANNEAL METAL|MEASURE METAL THICKNESS|SPIN COAT PHOTORESIST|SOFT BAKE|ALIGN MASK LEVEL 6|EXPOSE LITHO LEVEL 6|POST EXPOSE BAKE|DEVELOP PHOTORESIST|METAL PATTERN INSPECTION|HARD BAKE|METAL ETCH DRY|STRIP RESIST|CLEAN AFTER METAL ETCH|MEASURE LINE WIDTH|DEPOSIT PASSIVATION|CURE PASSIVATION|MEASURE PASSIVATION THICKNESS|OPEN BOND PAD WINDOW|PAD WINDOW LITHO|DEVELOP PHOTORESIST|PASSIVATION ETCH PAD OPENING|STRIP RESIST|CLEAN PAD OPENING|MEASURE PAD OPENING|BACKSIDE GRIND|MEASURE THICKNESS|BACKSIDE ETCH CLEAN|BACKSIDE RINSE|BACKSIDE DRY|BACKSIDE METALLIZATION PREP|DEPOSIT BACKSIDE METAL|BACKSIDE ANNEAL|MEASURE BACKSIDE CONTACT|FINAL CLEAN|FINAL THICKNESS MEASURE|FINAL GEOMETRY CHECK|FINAL CD INSPECTION|FINAL PARTICLE INSPECTION|PARAMETRIC TEST|LEAKAGE TEST|BREAKDOWN VOLTAGE TEST|SWITCHING TEST|WAFER SORT TEST|YIELD ANALYSIS|FINAL LOT RELEASE
id_forb_0032,mosfet,RECEIVE WAFER LOT|LEAKAGE TEST|LOT IDENTIFICATION|INITIAL WAFER INSPECTION|MEASURE THICKNESS|MEASURE SURFACE PARTICLES|PRE CLEAN WAFER|RCA CLEAN 1|RCA CLEAN 2|HF DIP|SUBSTRATE CHECK|EPITAXY PREP|EPITAXIAL DEPOSITION|MEASURE EPITAXY THICKNESS|MEASURE RESISTIVITY|EPITAXY ANNEAL|WAFER SURFACE CLEAN|THERMAL OXIDATION|MEASURE OXIDE THICKNESS|SPIN COAT PHOTORESIST|SOFT BAKE|ALIGN MASK LEVEL 1|EXPOSE LITHO LEVEL 1|DEVELOP PHOTORESIST|PATTERN INSPECTION LEVEL 1|OXIDE ETCH|STRIP RESIST|CLEAN AFTER ETCH|MEASURE OPENING CD|IMPLANT WELL|DRIVE IN DIFFUSION|RAPID THERMAL ANNEAL|MEASURE JUNCTION DEPTH|THERMAL OXIDATION|GATE OXIDE PREP|GATE OXIDE GROWTH|MEASURE GATE OXIDE THICKNESS|DEPOSIT POLYSILICON|POLYSILICON ANNEAL|MEASURE POLY THICKNESS|SPIN COAT PHOTORESIST|SOFT BAKE|ALIGN MASK LEVEL 2|EXPOSE LITHO LEVEL 2|DEVELOP PHOTORESIST|POLY PATTERN INSPECTION|HARD BAKE|POLYSILICON ETCH|STRIP PHOTORESIST|CLEAN AFTER POLY ETCH|IMPLANT SOURCE DRAIN|PRE ANNEAL CHECK|LIGHT ANNEAL|MEASURE SHEET RESISTANCE|DEPOSIT SPACER DIELECTRIC|ANISOTROPIC ETCH SPACER|MEASURE SPACER WIDTH|IMPLANT LDD|PRE ANNEAL CHECK|RAPID THERMAL ANNEAL|MEASURE JUNCTION PROFILE|DEPOSIT INTERLEVEL DIELECTRIC|DENSIFY OXIDE|MEASURE FILM THICKNESS|CMP INTERLAYER DIELECTRIC|MEASURE PLANARITY|SPIN COAT PHOTORESIST|SOFT BAKE|ALIGN MASK LEVEL 3|EXPOSE LITHO LEVEL 3|DEVELOP PHOTORESIST|VIA INSPECTION|HARD BAKE|VIA ETCH THROUGH DIELECTRIC|STRIP RESIST|CLEAN AFTER VIA ETCH|DEPOSIT BARRIER METAL|DEPOSIT METAL SEED|FILL VIA METAL|CMP METAL|MEASURE VIA RESISTANCE|DEPOSIT TOP METAL|ANNEAL METAL 1|SPIN COAT PHOTORESIST|SOFT BAKE|ALIGN MASK LEVEL 4|EXPOSE LITHO LEVEL 4|DEVELOP PHOTORESIST|METAL PATTERN INSPECTION|METAL ETCH|STRIP RESIST|CLEAN AFTER METAL ETCH|MEASURE LINE WIDTH|DEPOSIT PASSIVATION LAYER|CURE PASSIVATION|MEASURE PASSIVATION THICKNESS|OPEN PAD WINDOW|OPEN PAD WINDOW LITHO|DEVELOP PAD WINDOW|PASSIVATION ETCH PAD OPENING|STRIP PHOTORESIST|CLEAN PAD OPENING|MEASURE PAD OPENING|BACKSIDE CLEAN|BACKSIDE GRIND|MEASURE WAFER THICKNESS|BACKSIDE ETCH CLEAN|BACKSIDE RINSE|BACKSIDE DRY|BACKSIDE METALLIZATION PREP|DEPOSIT BACKSIDE METAL|BACKSIDE ANNEAL|MEASURE BACKSIDE CONTACT|FINAL CLEAN|FINAL THICKNESS MEASURE|FINAL GEOMETRY CHECK|FINAL CD INSPECTION|FINAL PARTICLE INSPECTION|ELECTRICAL PARAMETRIC TEST|THRESHOLD VOLTAGE TEST|SWITCHING TEST|WAFER SORT TEST|YIELD ANALYSIS|FINAL LOT RELEASE|SHIP LOT
id_forb_0016,igbt,RECEIVE WAFER LOT|LOT IDENTIFICATION|INITIAL WAFER INSPECTION|MEASURE INITIAL THICKNESS|MEASURE SURFACE PARTICLES|PRE CLEAN WAFER|BACKSIDE CLEAN|FRONTSIDE CLEAN|RCA CLEAN 1|RCA CLEAN 2|HF DIP|EPITAXIAL WAFER CHECK|MEASURE EPITAXY THICKNESS|MEASURE RESISTIVITY|EPITAXIAL LAYER PREP|THERMAL OXIDATION|MEASURE OXIDE THICKNESS|SPIN COAT PHOTORESIST|SOFT BAKE|ALIGN MASK LEVEL 1|EXPOSE LITHO LEVEL 1|POST EXPOSE BAKE|INSPECT PATTERN LEVEL 1|HARD BAKE|OXIDE ETCH DRY|STRIP PHOTORESIST|CLEAN AFTER OXIDE ETCH|MEASURE OPENING CD|IMPLANT P BODY|DRIVE IN DIFFUSION|RAPID THERMAL ANNEAL|MEASURE JUNCTION DEPTH|THERMAL OXIDATION|SPIN COAT PHOTORESIST|SOFT BAKE|ALIGN MASK LEVEL 2|EXPOSE LITHO LEVEL 2|POST EXPOSE BAKE|DEVELOP PHOTORESIST|P BODY WINDOW INSPECTION|ETCH SILICON OR OXIDE WINDOW|STRIP RESIST|CLEAN AFTER WINDOW ETCH|MEASURE WINDOW CD|IMPLANT N BUFFER|RAPID THERMAL ANNEAL|DEPOSIT FIELD OXIDE|DENSIFY OXIDE|MEASURE FILM THICKNESS|SPIN COAT PHOTORESIST|SOFT BAKE|ALIGN MASK LEVEL 3|EXPOSE LITHO LEVEL 3|POST EXPOSE BAKE|DEVELOP PHOTORESIST|FIELD PATTERN INSPECTION|HARD BAKE|FIELD OXIDE ETCH|STRIP RESIST|CLEAN AFTER FIELD ETCH|MEASURE SURFACE UNIFORMITY|IMPLANT SOURCE REGION|IMPLANT DRAIN / CATHODE REGION|RAPID THERMAL ANNEAL|MEASURE SHEET RESISTANCE|DEPOSIT GATE OXIDE OR DIELECTRIC|ANNEAL DIELECTRIC|DEPOSIT POLYSILICON|POLYSILICON ANNEAL|MEASURE POLY THICKNESS|SPIN COAT PHOTORESIST|SOFT BAKE|ALIGN MASK LEVEL 4|EXPOSE LITHO LEVEL 4|POST EXPOSE BAKE|DEVELOP PHOTORESIST|POLY PATTERN INSPECTION|POLYSILICON ETCH DRY|STRIP PHOTORESIST|CLEAN AFTER POLY ETCH|IMPLANT CHANNEL STOP|PRE ANNEAL CHECK|RAPID THERMAL ANNEAL|MEASURE DEVICE PARAMETER|DEPOSIT INTERLEVEL DIELECTRIC|DENSIFY DIELECTRIC|MEASURE DIELECTRIC THICKNESS|CMP INTERLAYER DIELECTRIC|MEASURE PLANARITY|SPIN COAT PHOTORESIST|SOFT BAKE|ALIGN MASK LEVEL 5|EXPOSE LITHO LEVEL 5|DEVELOP PHOTORESIST|VIA OPENING INSPECTION|DIELECTRIC ETCH VIA|STRIP PHOTORESIST|CLEAN AFTER VIA ETCH|MEASURE VIA CD|DEPOSIT BARRIER METAL|DEPOSIT METAL SEED|FILL VIA METAL|CMP METAL|DEPOSIT METAL 1|ANNEAL METAL 1|SPIN COAT PHOTORESIST|SOFT BAKE|ALIGN MASK LEVEL 6|EXPOSE LITHO LEVEL 6|DEVELOP PHOTORESIST|METAL PATTERN INSPECTION|HARD BAKE|METAL ETCH DRY|STRIP PHOTORESIST|CLEAN AFTER METAL ETCH|MEASURE LINE WIDTH|DEPOSIT PASSIVATION|CURE PASSIVATION|MEASURE PASSIVATION QUALITY|OPEN PAD WINDOW|OPEN PAD WINDOW LITHO|DEVELOP PAD WINDOW|PASSIVATION ETCH|STRIP PHOTORESIST|CLEAN PAD OPENING|MEASURE PAD OPENING|BACKSIDE GRIND|MEASURE WAFER THICKNESS|BACKSIDE ETCH CLEAN|BACKSIDE RINSE|BACKSIDE DRY|BACKSIDE METALLIZATION PREP|DEPOSIT BACKSIDE METAL|BACKSIDE ANNEAL|MEASURE BACKSIDE CONTACT|FINAL CLEAN|FINAL THICKNESS MEASURE|FINAL CD INSPECTION|FINAL PARTICLE INSPECTION|PARAMETRIC TEST|LEAKAGE TEST|BREAKDOWN VOLTAGE TEST|SWITCHING TEST|YIELD ANALYSIS|WAFER SORT TEST|LOT RELEASE|SHIP LOT
id_forb_0009,igbt,RECEIVE WAFER LOT|OPEN BOND PAD WINDOW|LOT IDENTIFICATION|INITIAL WAFER INSPECTION|MEASURE INITIAL THICKNESS|MEASURE SURFACE PARTICLES|PRE CLEAN WAFER|BACKSIDE CLEAN|FRONTSIDE CLEAN|WET CLEAN RCA1|RCA CLEAN 2|HF DIP|DRY WAFER|EPITAXIAL WAFER CHECK|MEASURE EPITAXY THICKNESS|MEASURE RESISTIVITY|EPITAXIAL LAYER PREP|THERMAL OXIDATION|MEASURE OXIDE THICKNESS|SPIN COAT PHOTORESIST|SOFT BAKE|ALIGN MASK LEVEL 1|EXPOSE LITHO LEVEL 1|DEVELOP PHOTORESIST|INSPECT PATTERN LEVEL 1|OXIDE ETCH DRY|STRIP RESIST|CLEAN AFTER OXIDE ETCH|MEASURE OPENING CD|IMPLANT P BODY|PRE ANNEAL CHECK|DRIVE IN DIFFUSION|RAPID THERMAL ANNEAL|MEASURE JUNCTION DEPTH|THERMAL OXIDATION|SPIN COAT PHOTORESIST|SOFT BAKE|ALIGN MASK LEVEL 2|EXPOSE LITHO LEVEL 2|DEVELOP PHOTORESIST|P BODY WINDOW INSPECTION|ETCH SILICON OR OXIDE WINDOW|STRIP RESIST|CLEAN AFTER WINDOW ETCH|IMPLANT N BUFFER|RAPID THERMAL ANNEAL|MEASURE SHEET RESISTANCE|EPITAXIAL REWORK CHECK|DEPOSIT FIELD OXIDE|DENSIFY OXIDE|SPIN COAT PHOTORESIST|SOFT BAKE|ALIGN MASK LEVEL 3|EXPOSE LITHO LEVEL 3|POST EXPOSE BAKE|DEVELOP PHOTORESIST|FIELD PATTERN INSPECTION|FIELD OXIDE ETCH|STRIP PHOTORESIST|CLEAN AFTER FIELD ETCH|MEASURE SURFACE UNIFORMITY|IMPLANT SOURCE REGION|IMPLANT DRAIN / CATHODE REGION|RAPID THERMAL ANNEAL|MEASURE SHEET RESISTANCE|DEPOSIT GATE OXIDE OR DIELECTRIC|ANNEAL DIELECTRIC|DEPOSIT POLYSILICON|POLYSILICON ANNEAL|MEASURE POLY THICKNESS|SPIN COAT PHOTORESIST|SOFT BAKE|ALIGN MASK LEVEL 4|EXPOSE LITHO LEVEL 4|DEVELOP PHOTORESIST|POLY PATTERN INSPECTION|POLYSILICON ETCH DRY|STRIP PHOTORESIST|CLEAN AFTER POLY ETCH|MEASURE GATE CD|IMPLANT CHANNEL STOP|PRE ANNEAL CHECK|RAPID THERMAL ANNEAL|DEPOSIT INTERLEVEL DIELECTRIC|DENSIFY OXIDE|MEASURE FILM THICKNESS|CMP DIELECTRIC|MEASURE PLANARITY|SPIN COAT PHOTORESIST|SOFT BAKE|ALIGN MASK LEVEL 5|EXPOSE LITHO LEVEL 5|POST EXPOSE BAKE|DEVELOP PHOTORESIST|VIA OPENING INSPECTION|VIA ETCH THROUGH DIELECTRIC|STRIP PHOTORESIST|CLEAN AFTER VIA ETCH|MEASURE VIA CD|DEPOSIT BARRIER METAL|DEPOSIT METAL SEED|FILL VIA METAL|CMP METAL|MEASURE CONTACT RESISTANCE|DEPOSIT TOP METAL|ANNEAL METAL 1|MEASURE METAL THICKNESS|SPIN COAT PHOTORESIST|SOFT BAKE|ALIGN MASK LEVEL 6|EXPOSE LITHO LEVEL 6|DEVELOP PHOTORESIST|METAL PATTERN INSPECTION|METAL ETCH DRY|STRIP PHOTORESIST|CLEAN AFTER METAL ETCH|MEASURE LINE WIDTH|DEPOSIT PASSIVATION|CURE PASSIVATION|MEASURE PASSIVATION THICKNESS|OPEN PAD WINDOW LITHO|DEVELOP PHOTORESIST|PASSIVATION ETCH|STRIP RESIST|CLEAN PAD OPENING|MEASURE PAD OPENING|BACKSIDE GRIND|MEASURE WAFER THICKNESS|BACKSIDE ETCH CLEAN|BACKSIDE RINSE|BACKSIDE DRY|BACKSIDE METALLIZATION PREP|DEPOSIT BACKSIDE METAL|BACKSIDE ANNEAL|MEASURE BACKSIDE CONTACT|FINAL CLEAN|FINAL THICKNESS MEASURE|FINAL GEOMETRY CHECK|FINAL CD INSPECTION|PARAMETRIC TEST|LEAKAGE TEST|BREAKDOWN VOLTAGE TEST|SWITCHING TEST|WAFER SORT TEST|YIELD ANALYSIS|FINAL LOT RELEASE|SHIP LOT
id_valid_0032,mosfet,RECEIVE WAFER LOT|LOT IDENTIFICATION|INITIAL WAFER INSPECTION|MEASURE THICKNESS|MEASURE SURFACE PARTICLES|PRE CLEAN WAFER|WET CLEAN RCA1|WET CLEAN RCA2|HF DIP|SUBSTRATE CHECK|EPITAXY PREP|EPITAXIAL DEPOSITION|MEASURE EPITAXY THICKNESS|MEASURE RESISTIVITY|EPITAXY ANNEAL|WAFER SURFACE CLEAN|THERMAL OXIDATION|MEASURE OXIDE THICKNESS|SPIN COAT PHOTORESIST|SOFT BAKE|ALIGN MASK LEVEL 1|EXPOSE LITHO LEVEL 1|DEVELOP PHOTORESIST|PATTERN INSPECTION LEVEL 1|HARD BAKE|OXIDE ETCH|STRIP RESIST|CLEAN AFTER ETCH|MEASURE OPENING CD|IMPLANT WELL|DRIVE IN DIFFUSION|RAPID THERMAL ANNEAL|THERMAL OXIDATION|GATE OXIDE PREP|GATE OXIDE GROWTH|MEASURE GATE OXIDE THICKNESS|DEPOSIT POLYSILICON|POLYSILICON ANNEAL|SPIN COAT PHOTORESIST|SOFT BAKE|ALIGN MASK LEVEL 2|EXPOSE LITHO LEVEL 2|POST EXPOSE BAKE|DEVELOP PHOTORESIST|POLY PATTERN INSPECTION|HARD BAKE|POLYSILICON ETCH|STRIP RESIST|CLEAN AFTER POLY ETCH|MEASURE GATE CD|IMPLANT SOURCE DRAIN|PRE ANNEAL CHECK|LIGHT ANNEAL|MEASURE SHEET RESISTANCE|DEPOSIT SPACER DIELECTRIC|ANISOTROPIC ETCH SPACER|MEASURE SPACER WIDTH|IMPLANT LDD|RAPID THERMAL ANNEAL|MEASURE JUNCTION PROFILE|DEPOSIT INTERLEVEL DIELECTRIC|DENSIFY DIELECTRIC|MEASURE DIELECTRIC THICKNESS|CMP DIELECTRIC|MEASURE PLANARITY|SPIN COAT PHOTORESIST|SOFT BAKE|ALIGN MASK LEVEL 3|EXPOSE LITHO LEVEL 3|DEVELOP PHOTORESIST|VIA OPENING INSPECTION|DIELECTRIC ETCH VIA|STRIP RESIST|CLEAN AFTER VIA ETCH|MEASURE VIA CD|DEPOSIT BARRIER METAL|DEPOSIT METAL SEED|FILL VIA METAL|CMP METAL|MEASURE VIA RESISTANCE|DEPOSIT METAL 1|ANNEAL METAL 1|SPIN COAT PHOTORESIST|SOFT BAKE|ALIGN MASK LEVEL 4|EXPOSE LITHO LEVEL 4|DEVELOP PHOTORESIST|METAL PATTERN INSPECTION|HARD BAKE|METAL ETCH|STRIP PHOTORESIST|CLEAN AFTER METAL ETCH|MEASURE LINE WIDTH|DEPOSIT PASSIVATION|CURE PASSIVATION|MEASURE PASSIVATION THICKNESS|OPEN PAD WINDOW|PAD WINDOW LITHO|DEVELOP PHOTORESIST|PASSIVATION ETCH PAD OPENING|STRIP PHOTORESIST|CLEAN PAD OPENING|MEASURE PAD OPENING|BACKSIDE CLEAN|BACKSIDE GRIND|MEASURE THICKNESS|BACKSIDE ETCH CLEAN|BACKSIDE RINSE|BACKSIDE DRY|BACKSIDE METALLIZATION PREP|DEPOSIT BACKSIDE METAL|BACKSIDE ANNEAL|MEASURE BACKSIDE CONTACT|FINAL CLEAN|FINAL GEOMETRY CHECK|FINAL PARTICLE INSPECTION|ELECTRICAL PARAMETRIC TEST|LEAKAGE TEST|THRESHOLD VOLTAGE TEST|SWITCHING TEST|WAFER SORT TEST|YIELD ANALYSIS|FINAL LOT RELEASE|SHIP LOT
id_valid_0037,mosfet,RECEIVE WAFER LOT|LOT IDENTIFICATION|PRE CLEAN INSPECTION|MEASURE THICKNESS|MEASURE SURFACE PARTICLES|PRE CLEAN WAFER|BACKSIDE CLEAN|FRONTSIDE CLEAN|WET CLEAN RCA1|RCA CLEAN 2|HF DIP|DRY WAFER|SUBSTRATE CHECK|EPITAXY PREP|EPITAXIAL DEPOSITION|MEASURE EPITAXY THICKNESS|MEASURE RESISTIVITY|EPITAXY ANNEAL|WAFER SURFACE CLEAN|THERMAL OXIDATION|MEASURE OXIDE THICKNESS|SPIN COAT PHOTORESIST|SOFT BAKE|ALIGN MASK LEVEL 1|EXPOSE LITHO LEVEL 1|DEVELOP PHOTORESIST|PATTERN INSPECTION LEVEL 1|OXIDE ETCH|STRIP PHOTORESIST|CLEAN AFTER ETCH|MEASURE OPENING CD|IMPLANT WELL|DRIVE IN DIFFUSION|RAPID THERMAL ANNEAL|MEASURE JUNCTION DEPTH|THERMAL OXIDATION|GATE OXIDE PREP|GATE OXIDE GROWTH|MEASURE GATE OXIDE THICKNESS|DEPOSIT POLYSILICON|POLYSILICON ANNEAL|MEASURE POLY THICKNESS|SPIN COAT PHOTORESIST|SOFT BAKE|ALIGN MASK LEVEL 2|EXPOSE LITHO LEVEL 2|DEVELOP PHOTORESIST|POLY PATTERN INSPECTION|HARD BAKE|POLYSILICON ETCH|STRIP PHOTORESIST|CLEAN AFTER POLY ETCH|IMPLANT SOURCE DRAIN|PRE ANNEAL CHECK|LIGHT ANNEAL|DEPOSIT SPACER DIELECTRIC|ANISOTROPIC ETCH SPACER|MEASURE SPACER WIDTH|IMPLANT LDD|RAPID THERMAL ANNEAL|MEASURE JUNCTION PROFILE|DEPOSIT INTERLEVEL DIELECTRIC|DENSIFY OXIDE|MEASURE DIELECTRIC THICKNESS|CMP DIELECTRIC|MEASURE PLANARITY|SPIN COAT PHOTORESIST|SOFT BAKE|ALIGN MASK LEVEL 3|EXPOSE LITHO LEVEL 3|DEVELOP PHOTORESIST|VIA OPENING INSPECTION|VIA ETCH THROUGH DIELECTRIC|STRIP RESIST|CLEAN AFTER VIA ETCH|DEPOSIT BARRIER METAL|DEPOSIT METAL SEED|FILL VIA METAL|CMP VIA FILL|MEASURE CONTACT RESISTANCE|DEPOSIT TOP METAL|ANNEAL METAL 1|SPIN COAT PHOTORESIST|SOFT BAKE|ALIGN MASK LEVEL 4|EXPOSE LITHO LEVEL 4|DEVELOP PHOTORESIST|METAL PATTERN INSPECTION|HARD BAKE|METAL ETCH|STRIP RESIST|CLEAN AFTER METAL ETCH|MEASURE LINE WIDTH|DEPOSIT PASSIVATION|CURE PASSIVATION|MEASURE PASSIVATION QUALITY|OPEN PAD WINDOW|PAD WINDOW LITHO|DEVELOP PHOTORESIST|PASSIVATION ETCH|STRIP PHOTORESIST|CLEAN PAD OPENING|MEASURE PAD OPENING|BACKSIDE CLEAN|BACKSIDE GRIND|MEASURE WAFER THICKNESS|BACKSIDE ETCH CLEAN|BACKSIDE RINSE|BACKSIDE DRY|BACKSIDE METALLIZATION PREP|DEPOSIT BACKSIDE METAL|BACKSIDE ANNEAL|MEASURE BACKSIDE CONTACT|FINAL CLEAN|FINAL THICKNESS MEASURE|FINAL GEOMETRY CHECK|FINAL CD INSPECTION|FINAL PARTICLE INSPECTION|ELECTRICAL PARAMETRIC TEST|LEAKAGE TEST|THRESHOLD VOLTAGE TEST|SWITCHING TEST|WAFER SORT TEST|YIELD ANALYSIS|FINAL LOT RELEASE|SHIP LOT
id_valid_0023,igbt,RECEIVE WAFER LOT|LOT IDENTIFICATION|PRE CLEAN INSPECTION|MEASURE INITIAL THICKNESS|MEASURE SURFACE PARTICLES|PRE CLEAN WAFER|BACKSIDE CLEAN|FRONTSIDE CLEAN|RCA CLEAN 1|WET CLEAN RCA2|HF DIP|EPITAXIAL WAFER CHECK|MEASURE EPITAXY THICKNESS|MEASURE RESISTIVITY|EPITAXIAL REWORK CHECK|EPITAXIAL LAYER PREP|THERMAL OXIDATION|MEASURE OXIDE THICKNESS|SPIN COAT PHOTORESIST|SOFT BAKE|ALIGN MASK LEVEL 1|EXPOSE LITHO LEVEL 1|POST EXPOSE BAKE|DEVELOP PHOTORESIST|INSPECT PATTERN LEVEL 1|OXIDE ETCH DRY|STRIP RESIST|CLEAN AFTER OXIDE ETCH|MEASURE OPENING CD|IMPLANT P BODY|DRIVE IN DIFFUSION|RAPID THERMAL ANNEAL|MEASURE JUNCTION DEPTH|THERMAL OXIDATION|SPIN COAT PHOTORESIST|SOFT BAKE|ALIGN MASK LEVEL 2|EXPOSE LITHO LEVEL 2|POST EXPOSE BAKE|DEVELOP PHOTORESIST|P BODY WINDOW INSPECTION|ETCH SILICON OR OXIDE WINDOW|STRIP PHOTORESIST|CLEAN AFTER WINDOW ETCH|IMPLANT N BUFFER|PRE ANNEAL CHECK|RAPID THERMAL ANNEAL|EPITAXIAL REWORK CHECK|DEPOSIT FIELD OXIDE|DENSIFY OXIDE|MEASURE FILM THICKNESS|SPIN COAT PHOTORESIST|SOFT BAKE|ALIGN MASK LEVEL 3|EXPOSE LITHO LEVEL 3|DEVELOP PHOTORESIST|FIELD PATTERN INSPECTION|FIELD OXIDE ETCH|STRIP PHOTORESIST|CLEAN AFTER FIELD ETCH|MEASURE SURFACE UNIFORMITY|IMPLANT SOURCE REGION|IMPLANT DRAIN / CATHODE REGION|RAPID THERMAL ANNEAL|MEASURE SHEET RESISTANCE|DEPOSIT GATE OXIDE OR DIELECTRIC|ANNEAL DIELECTRIC|DEPOSIT POLYSILICON|POLYSILICON ANNEAL|MEASURE POLY THICKNESS|SPIN COAT PHOTORESIST|SOFT BAKE|ALIGN MASK LEVEL 4|EXPOSE LITHO LEVEL 4|POST EXPOSE BAKE|DEVELOP PHOTORESIST|POLY PATTERN INSPECTION|POLYSILICON ETCH DRY|STRIP PHOTORESIST|CLEAN AFTER POLY ETCH|MEASURE GATE CD|IMPLANT CHANNEL STOP|RAPID THERMAL ANNEAL|MEASURE DEVICE PARAMETER|DEPOSIT INTERLAYER DIELECTRIC|DENSIFY OXIDE|MEASURE FILM THICKNESS|CMP INTERLAYER DIELECTRIC|MEASURE PLANARITY|SPIN COAT PHOTORESIST|SOFT BAKE|ALIGN MASK LEVEL 5|EXPOSE LITHO LEVEL 5|DEVELOP PHOTORESIST|VIA INSPECTION|HARD BAKE|DIELECTRIC ETCH VIA|STRIP RESIST|CLEAN AFTER VIA ETCH|DEPOSIT BARRIER METAL|DEPOSIT METAL SEED|FILL VIA METAL|CMP VIA FILL|MEASURE CONTACT RESISTANCE|DEPOSIT TOP METAL|ANNEAL METAL|MEASURE METAL THICKNESS|SPIN COAT PHOTORESIST|SOFT BAKE|ALIGN MASK LEVEL 6|EXPOSE LITHO LEVEL 6|POST EXPOSE BAKE|DEVELOP PHOTORESIST|METAL PATTERN INSPECTION|HARD BAKE|METAL ETCH DRY|STRIP PHOTORESIST|CLEAN AFTER METAL ETCH|MEASURE LINE WIDTH|DEPOSIT PASSIVATION LAYER|CURE PASSIVATION|MEASURE PASSIVATION QUALITY|OPEN PAD WINDOW|OPEN PAD WINDOW LITHO|DEVELOP PHOTORESIST|PASSIVATION ETCH|STRIP PHOTORESIST|CLEAN PAD OPENING|MEASURE PAD OPENING|BACKSIDE GRIND|MEASURE WAFER THICKNESS|BACKSIDE ETCH CLEAN|BACKSIDE RINSE|BACKSIDE DRY|BACKSIDE METALLIZATION PREP|DEPOSIT BACKSIDE METAL|BACKSIDE ANNEAL|MEASURE BACKSIDE CONTACT|FINAL CLEAN|FINAL THICKNESS MEASURE|FINAL GEOMETRY CHECK|FINAL CD INSPECTION|FINAL PARTICLE INSPECTION|ELECTRICAL PARAMETRIC TEST|LEAKAGE TEST|BREAKDOWN VOLTAGE TEST|SWITCHING TEST|YIELD ANALYSIS|WAFER SORT TEST|LOT RELEASE|SHIP LOT
id_forb_0018,mosfet,RECEIVE WAFER LOT|SHIP LOT|LOT IDENTIFICATION|PRE CLEAN INSPECTION|MEASURE THICKNESS|MEASURE SURFACE PARTICLES|PRE CLEAN WAFER|WET CLEAN RCA1|WET CLEAN RCA2|HF DIP|SUBSTRATE CHECK|EPITAXY PREP|EPITAXIAL DEPOSITION|MEASURE EPITAXY THICKNESS|MEASURE RESISTIVITY|EPITAXY ANNEAL|WAFER SURFACE CLEAN|THERMAL OXIDATION|MEASURE OXIDE THICKNESS|SPIN COAT PHOTORESIST|SOFT BAKE|ALIGN MASK LEVEL 1|EXPOSE LITHO LEVEL 1|DEVELOP PHOTORESIST|PATTERN INSPECTION LEVEL 1|OXIDE ETCH|STRIP RESIST|CLEAN AFTER ETCH|MEASURE OPENING CD|IMPLANT WELL|PRE ANNEAL CHECK|DRIVE IN DIFFUSION|RAPID THERMAL ANNEAL|MEASURE JUNCTION DEPTH|THERMAL OXIDATION|GATE OXIDE PREP|GATE OXIDE GROWTH|MEASURE GATE OXIDE THICKNESS|DEPOSIT POLYSILICON|POLYSILICON ANNEAL|MEASURE POLY THICKNESS|SPIN COAT PHOTORESIST|SOFT BAKE|ALIGN MASK LEVEL 2|EXPOSE LITHO LEVEL 2|POST EXPOSE BAKE|DEVELOP PHOTORESIST|POLY PATTERN INSPECTION|HARD BAKE|POLYSILICON ETCH|STRIP RESIST|CLEAN AFTER POLY ETCH|IMPLANT SOURCE DRAIN|LIGHT ANNEAL|MEASURE SHEET RESISTANCE|DEPOSIT SPACER DIELECTRIC|ANISOTROPIC ETCH SPACER|MEASURE SPACER WIDTH|IMPLANT LDD|RAPID THERMAL ANNEAL|DEPOSIT INTERLEVEL DIELECTRIC|DENSIFY OXIDE|MEASURE FILM THICKNESS|CMP INTERLAYER DIELECTRIC|MEASURE PLANARITY|SPIN COAT PHOTORESIST|SOFT BAKE|ALIGN MASK LEVEL 3|EXPOSE LITHO LEVEL 3|DEVELOP PHOTORESIST|VIA INSPECTION|DIELECTRIC ETCH VIA|STRIP RESIST|CLEAN AFTER VIA ETCH|MEASURE VIA CD|DEPOSIT BARRIER METAL|DEPOSIT METAL SEED|FILL VIA METAL|CMP METAL|MEASURE CONTACT RESISTANCE|DEPOSIT METAL 1|ANNEAL METAL 1|SPIN COAT PHOTORESIST|SOFT BAKE|ALIGN MASK LEVEL 4|EXPOSE LITHO LEVEL 4|DEVELOP PHOTORESIST|METAL PATTERN INSPECTION|METAL ETCH|STRIP RESIST|CLEAN AFTER METAL ETCH|MEASURE LINE WIDTH|DEPOSIT PASSIVATION|CURE PASSIVATION|MEASURE PASSIVATION QUALITY|OPEN PAD WINDOW|PAD WINDOW LITHO|DEVELOP PHOTORESIST|PASSIVATION ETCH PAD OPENING|STRIP PHOTORESIST|CLEAN PAD OPENING|MEASURE PAD OPENING|BACKSIDE CLEAN|BACKSIDE GRIND|MEASURE WAFER THICKNESS|BACKSIDE ETCH CLEAN|BACKSIDE RINSE|BACKSIDE DRY|BACKSIDE METALLIZATION PREP|DEPOSIT BACKSIDE METAL|BACKSIDE ANNEAL|MEASURE BACKSIDE CONTACT|FINAL CLEAN|FINAL THICKNESS MEASURE|FINAL PARTICLE INSPECTION|PARAMETRIC TEST|LEAKAGE TEST|THRESHOLD VOLTAGE TEST|SWITCHING TEST|WAFER SORT TEST|YIELD ANALYSIS|LOT RELEASE
id_forb_0019,igbt,RECEIVE WAFER LOT|LOT IDENTIFICATION|INITIAL WAFER INSPECTION|MEASURE INITIAL THICKNESS|MEASURE SURFACE PARTICLES|PRE CLEAN WAFER|BACKSIDE CLEAN|FRONTSIDE CLEAN|WET CLEAN RCA1|RCA CLEAN 2|HF DIP|DRY WAFER|EPITAXIAL WAFER CHECK|MEASURE EPITAXY THICKNESS|MEASURE RESISTIVITY|EPITAXIAL REWORK CHECK|EPITAXIAL LAYER PREP|THERMAL OXIDATION|MEASURE OXIDE THICKNESS|SPIN COAT PHOTORESIST|SOFT BAKE|ALIGN MASK LEVEL 1|EXPOSE LITHO LEVEL 1|DEVELOP PHOTORESIST|INSPECT PATTERN LEVEL 1|OXIDE ETCH DRY|STRIP RESIST|CLEAN AFTER OXIDE ETCH|MEASURE OPENING CD|IMPLANT P BODY|PRE ANNEAL CHECK|DRIVE IN DIFFUSION|RAPID THERMAL ANNEAL|MEASURE JUNCTION DEPTH|THERMAL OXIDATION|SPIN COAT PHOTORESIST|SOFT BAKE|ALIGN MASK LEVEL 2|EXPOSE LITHO LEVEL 2|DEVELOP PHOTORESIST|P BODY WINDOW INSPECTION|ETCH SILICON OR OXIDE WINDOW|STRIP RESIST|CLEAN AFTER WINDOW ETCH|MEASURE WINDOW CD|IMPLANT N BUFFER|PRE ANNEAL CHECK|RAPID THERMAL ANNEAL|MEASURE SHEET RESISTANCE|DEPOSIT FIELD OXIDE|DENSIFY OXIDE|MEASURE FILM THICKNESS|SPIN COAT PHOTORESIST|SOFT BAKE|ALIGN MASK LEVEL 3|EXPOSE LITHO LEVEL 3|DEVELOP PHOTORESIST|FIELD PATTERN INSPECTION|FIELD OXIDE ETCH|STRIP RESIST|CLEAN AFTER FIELD ETCH|DEPOSIT BACKSIDE METAL|MEASURE SURFACE UNIFORMITY|IMPLANT SOURCE REGION|IMPLANT DRAIN / CATHODE REGION|PRE ANNEAL CHECK|RAPID THERMAL ANNEAL|MEASURE SHEET RESISTANCE|DEPOSIT GATE OXIDE OR DIELECTRIC|ANNEAL DIELECTRIC|DEPOSIT POLYSILICON|POLYSILICON ANNEAL|MEASURE POLY THICKNESS|SPIN COAT PHOTORESIST|SOFT BAKE|ALIGN MASK LEVEL 4|EXPOSE LITHO LEVEL 4|POST EXPOSE BAKE|DEVELOP PHOTORESIST|POLY PATTERN INSPECTION|POLYSILICON ETCH DRY|STRIP RESIST|CLEAN AFTER POLY ETCH|MEASURE GATE CD|IMPLANT CHANNEL STOP|PRE ANNEAL CHECK|RAPID THERMAL ANNEAL|MEASURE DEVICE PARAMETER|DEPOSIT INTERLEVEL DIELECTRIC|DENSIFY DIELECTRIC|MEASURE DIELECTRIC THICKNESS|CMP DIELECTRIC|MEASURE PLANARITY|SPIN COAT PHOTORESIST|SOFT BAKE|ALIGN MASK LEVEL 5|EXPOSE LITHO LEVEL 5|DEVELOP PHOTORESIST|VIA OPENING INSPECTION|VIA ETCH|STRIP RESIST|CLEAN AFTER VIA ETCH|DEPOSIT BARRIER METAL|DEPOSIT METAL SEED|FILL VIA METAL|CMP VIA FILL|MEASURE CONTACT RESISTANCE|DEPOSIT TOP METAL|ANNEAL METAL 1|MEASURE METAL THICKNESS|SPIN COAT PHOTORESIST|SOFT BAKE|ALIGN MASK LEVEL 6|EXPOSE LITHO LEVEL 6|POST EXPOSE BAKE|DEVELOP PHOTORESIST|METAL PATTERN INSPECTION|METAL ETCH DRY|STRIP RESIST|CLEAN AFTER METAL ETCH|MEASURE LINE WIDTH|DEPOSIT PASSIVATION|CURE PASSIVATION|MEASURE PASSIVATION QUALITY|OPEN BOND PAD WINDOW|OPEN PAD WINDOW LITHO|DEVELOP PHOTORESIST|PASSIVATION ETCH|STRIP PHOTORESIST|CLEAN PAD OPENING|MEASURE PAD OPENING|BACKSIDE GRIND|MEASURE WAFER THICKNESS|BACKSIDE ETCH CLEAN|BACKSIDE RINSE|BACKSIDE DRY|BACKSIDE METALLIZATION PREP|BACKSIDE ANNEAL|MEASURE BACKSIDE CONTACT|FINAL CLEAN|FINAL THICKNESS MEASURE|FINAL GEOMETRY CHECK|FINAL PARTICLE INSPECTION|ELECTRICAL PARAMETRIC TEST|LEAKAGE TEST|BREAKDOWN VOLTAGE TEST|SWITCHING TEST|WAFER SORT TEST|YIELD ANALYSIS|LOT RELEASE|SHIP LOT
id_forb_0030,igbt,RECEIVE WAFER LOT|SHIP LOT|LOT IDENTIFICATION|INITIAL WAFER INSPECTION|MEASURE INITIAL THICKNESS|MEASURE SURFACE PARTICLES|PRE CLEAN WAFER|BACKSIDE CLEAN|FRONTSIDE CLEAN|RCA CLEAN 1|RCA CLEAN 2|HF DIP|DRY WAFER|EPITAXIAL WAFER CHECK|MEASURE EPITAXY THICKNESS|MEASURE RESISTIVITY|EPITAXIAL LAYER PREP|THERMAL OXIDATION|MEASURE OXIDE THICKNESS|SPIN COAT PHOTORESIST|SOFT BAKE|ALIGN MASK LEVEL 1|EXPOSE LITHO LEVEL 1|POST EXPOSE BAKE|DEVELOP PHOTORESIST|INSPECT PATTERN LEVEL 1|HARD BAKE|OXIDE ETCH DRY|STRIP PHOTORESIST|CLEAN AFTER OXIDE ETCH|MEASURE OPENING CD|IMPLANT P BODY|PRE ANNEAL CHECK|DRIVE IN DIFFUSION|RAPID THERMAL ANNEAL|MEASURE JUNCTION DEPTH|THERMAL OXIDATION|SPIN COAT PHOTORESIST|SOFT BAKE|ALIGN MASK LEVEL 2|EXPOSE LITHO LEVEL 2|DEVELOP PHOTORESIST|P BODY WINDOW INSPECTION|ETCH SILICON OR OXIDE WINDOW|STRIP PHOTORESIST|CLEAN AFTER WINDOW ETCH|MEASURE WINDOW CD|IMPLANT N BUFFER|RAPID THERMAL ANNEAL|DEPOSIT FIELD OXIDE|DENSIFY OXIDE|SPIN COAT PHOTORESIST|SOFT BAKE|ALIGN MASK LEVEL 3|EXPOSE LITHO LEVEL 3|DEVELOP PHOTORESIST|FIELD PATTERN INSPECTION|FIELD OXIDE ETCH|STRIP RESIST|CLEAN AFTER FIELD ETCH|IMPLANT SOURCE REGION|IMPLANT DRAIN / CATHODE REGION|PRE ANNEAL CHECK|RAPID THERMAL ANNEAL|MEASURE SHEET RESISTANCE|DEPOSIT GATE OXIDE OR DIELECTRIC|ANNEAL DIELECTRIC|DEPOSIT POLYSILICON|POLYSILICON ANNEAL|MEASURE POLY THICKNESS|SPIN COAT PHOTORESIST|SOFT BAKE|ALIGN MASK LEVEL 4|EXPOSE LITHO LEVEL 4|DEVELOP PHOTORESIST|POLY PATTERN INSPECTION|POLYSILICON ETCH DRY|STRIP PHOTORESIST|CLEAN AFTER POLY ETCH|MEASURE GATE CD|IMPLANT CHANNEL STOP|PRE ANNEAL CHECK|RAPID THERMAL ANNEAL|MEASURE DEVICE PARAMETER|DEPOSIT INTERLAYER DIELECTRIC|DENSIFY OXIDE|MEASURE DIELECTRIC THICKNESS|CMP DIELECTRIC|MEASURE SURFACE PLANARITY|SPIN COAT PHOTORESIST|SOFT BAKE|ALIGN MASK LEVEL 5|EXPOSE LITHO LEVEL 5|DEVELOP PHOTORESIST|VIA INSPECTION|DIELECTRIC ETCH VIA|STRIP PHOTORESIST|CLEAN AFTER VIA ETCH|DEPOSIT BARRIER METAL|DEPOSIT METAL SEED|FILL VIA METAL|CMP METAL|DEPOSIT METAL 1|ANNEAL METAL|MEASURE METAL THICKNESS|SPIN COAT PHOTORESIST|SOFT BAKE|ALIGN MASK LEVEL 6|EXPOSE LITHO LEVEL 6|DEVELOP PHOTORESIST|METAL PATTERN INSPECTION|HARD BAKE|METAL ETCH DRY|STRIP PHOTORESIST|CLEAN AFTER METAL ETCH|DEPOSIT PASSIVATION|CURE PASSIVATION|MEASURE PASSIVATION THICKNESS|OPEN BOND PAD WINDOW|OPEN PAD WINDOW LITHO|DEVELOP PHOTORESIST|PASSIVATION ETCH|STRIP RESIST|CLEAN PAD OPENING|MEASURE PAD OPENING|BACKSIDE GRIND|MEASURE WAFER THICKNESS|BACKSIDE ETCH CLEAN|BACKSIDE RINSE|BACKSIDE DRY|BACKSIDE METALLIZATION PREP|DEPOSIT BACKSIDE METAL|BACKSIDE ANNEAL|MEASURE BACKSIDE CONTACT|FINAL CLEAN|FINAL GEOMETRY CHECK|FINAL CD INSPECTION|FINAL PARTICLE INSPECTION|ELECTRICAL PARAMETRIC TEST|LEAKAGE TEST|BREAKDOWN VOLTAGE TEST|SWITCHING TEST|YIELD ANALYSIS|WAFER SORT TEST|LOT RELEASE
id_forb_0002,igbt,RECEIVE WAFER LOT|LOT IDENTIFICATION|INITIAL WAFER INSPECTION|MEASURE INITIAL THICKNESS|MEASURE SURFACE PARTICLES|PRE CLEAN WAFER|BACKSIDE CLEAN|FRONTSIDE CLEAN|WET CLEAN RCA1|RCA CLEAN 2|HF DIP|DRY WAFER|EPITAXIAL WAFER CHECK|MEASURE EPITAXY THICKNESS|MEASURE RESISTIVITY|EPITAXIAL LAYER PREP|THERMAL OXIDATION|MEASURE OXIDE THICKNESS|SPIN COAT PHOTORESIST|SOFT BAKE|ALIGN MASK LEVEL 1|EXPOSE LITHO LEVEL 1|POST EXPOSE BAKE|DEVELOP PHOTORESIST|INSPECT PATTERN LEVEL 1|HARD BAKE|OXIDE ETCH DRY|STRIP PHOTORESIST|CLEAN AFTER OXIDE ETCH|MEASURE OPENING CD|IMPLANT P BODY|PRE ANNEAL CHECK|DRIVE IN DIFFUSION|RAPID THERMAL ANNEAL|MEASURE JUNCTION DEPTH|THERMAL OXIDATION|SPIN COAT PHOTORESIST|SOFT BAKE|ALIGN MASK LEVEL 2|EXPOSE LITHO LEVEL 2|DEVELOP PHOTORESIST|P BODY WINDOW INSPECTION|HARD BAKE|ETCH SILICON OR OXIDE WINDOW|STRIP RESIST|CLEAN AFTER WINDOW ETCH|MEASURE WINDOW CD|IMPLANT N BUFFER|RAPID THERMAL ANNEAL|MEASURE SHEET RESISTANCE|DEPOSIT FIELD OXIDE|DENSIFY OXIDE|MEASURE FILM THICKNESS|SPIN COAT PHOTORESIST|SOFT BAKE|ALIGN MASK LEVEL 3|EXPOSE LITHO LEVEL 3|POST EXPOSE BAKE|DEVELOP PHOTORESIST|FIELD PATTERN INSPECTION|HARD BAKE|FIELD OXIDE ETCH|STRIP PHOTORESIST|IMPLANT SOURCE REGION|IMPLANT DRAIN / CATHODE REGION|MEASURE SHEET RESISTANCE|DEPOSIT GATE OXIDE OR DIELECTRIC|ANNEAL DIELECTRIC|DEPOSIT POLYSILICON|POLYSILICON ANNEAL|MEASURE POLY THICKNESS|SPIN COAT PHOTORESIST|SOFT BAKE|ALIGN MASK LEVEL 4|EXPOSE LITHO LEVEL 4|POST EXPOSE BAKE|DEVELOP PHOTORESIST|POLY PATTERN INSPECTION|POLYSILICON ETCH DRY|STRIP PHOTORESIST|CLEAN AFTER POLY ETCH|MEASURE GATE CD|IMPLANT CHANNEL STOP|RAPID THERMAL ANNEAL|DEPOSIT INTERLEVEL DIELECTRIC|DENSIFY OXIDE|MEASURE FILM THICKNESS|CMP INTERLAYER DIELECTRIC|MEASURE SURFACE PLANARITY|SPIN COAT PHOTORESIST|SOFT BAKE|ALIGN MASK LEVEL 5|EXPOSE LITHO LEVEL 5|DEVELOP PHOTORESIST|VIA OPENING INSPECTION|VIA ETCH THROUGH DIELECTRIC|STRIP RESIST|CLEAN AFTER VIA ETCH|MEASURE VIA CD|DEPOSIT BARRIER METAL|DEPOSIT METAL SEED|FILL VIA METAL|CMP VIA FILL|MEASURE CONTACT RESISTANCE|DEPOSIT TOP METAL|ANNEAL METAL 1|SPIN COAT PHOTORESIST|SOFT BAKE|ALIGN MASK LEVEL 6|EXPOSE LITHO LEVEL 6|DEVELOP PHOTORESIST|METAL PATTERN INSPECTION|METAL ETCH DRY|STRIP RESIST|CLEAN AFTER METAL ETCH|MEASURE LINE WIDTH|DEPOSIT PASSIVATION|CURE PASSIVATION|MEASURE PASSIVATION QUALITY|OPEN PAD WINDOW|PAD WINDOW LITHO|DEVELOP PHOTORESIST|PASSIVATION ETCH|STRIP RESIST|CLEAN PAD OPENING|MEASURE PAD OPENING|BACKSIDE GRIND|MEASURE WAFER THICKNESS|BACKSIDE ETCH CLEAN|BACKSIDE RINSE|BACKSIDE DRY|BACKSIDE METALLIZATION PREP|DEPOSIT BACKSIDE METAL|BACKSIDE ANNEAL|MEASURE BACKSIDE CONTACT|FINAL CLEAN|FINAL THICKNESS MEASURE|FINAL GEOMETRY CHECK|FINAL PARTICLE INSPECTION|PARAMETRIC TEST|LEAKAGE TEST|BREAKDOWN VOLTAGE TEST|SWITCHING TEST|YIELD ANALYSIS|WAFER SORT TEST|LOT RELEASE|SHIP LOT
id_forb_0028,igbt,RECEIVE WAFER LOT|LOT IDENTIFICATION|INITIAL WAFER INSPECTION|MEASURE INITIAL THICKNESS|MEASURE SURFACE PARTICLES|PRE CLEAN WAFER|BACKSIDE CLEAN|FRONTSIDE CLEAN|WET CLEAN RCA1|WET CLEAN RCA2|HF DIP|DRY WAFER|EPITAXIAL WAFER CHECK|MEASURE EPITAXY THICKNESS|MEASURE RESISTIVITY|EPITAXIAL REWORK CHECK|EPITAXIAL LAYER PREP|THERMAL OXIDATION|MEASURE OXIDE THICKNESS|SPIN COAT PHOTORESIST|SOFT BAKE|ALIGN MASK LEVEL 1|EXPOSE LITHO LEVEL 1|DEVELOP PHOTORESIST|INSPECT PATTERN LEVEL 1|HARD BAKE|OXIDE ETCH DRY|STRIP RESIST|CLEAN AFTER OXIDE ETCH|MEASURE OPENING CD|IMPLANT P BODY|PRE ANNEAL CHECK|DRIVE IN DIFFUSION|RAPID THERMAL ANNEAL|THERMAL OXIDATION|SPIN COAT PHOTORESIST|SOFT BAKE|ALIGN MASK LEVEL 2|EXPOSE LITHO LEVEL 2|POST EXPOSE BAKE|DEVELOP PHOTORESIST|P BODY WINDOW INSPECTION|ETCH SILICON OR OXIDE WINDOW|STRIP PHOTORESIST|CLEAN AFTER WINDOW ETCH|MEASURE WINDOW CD|IMPLANT N BUFFER|RAPID THERMAL ANNEAL|DEPOSIT FIELD OXIDE|DENSIFY OXIDE|MEASURE FILM THICKNESS|SPIN COAT PHOTORESIST|SOFT BAKE|ALIGN MASK LEVEL 3|EXPOSE LITHO LEVEL 3|DEVELOP PHOTORESIST|FIELD PATTERN INSPECTION|HARD BAKE|FIELD OXIDE ETCH|STRIP PHOTORESIST|CLEAN AFTER FIELD ETCH|MEASURE SURFACE UNIFORMITY|IMPLANT SOURCE REGION|IMPLANT DRAIN / CATHODE REGION|RAPID THERMAL ANNEAL|DEPOSIT GATE OXIDE OR DIELECTRIC|ANNEAL DIELECTRIC|DEPOSIT POLYSILICON|POLYSILICON ANNEAL|MEASURE POLY THICKNESS|SPIN COAT PHOTORESIST|SOFT BAKE|ALIGN MASK LEVEL 4|EXPOSE LITHO LEVEL 4|DEVELOP PHOTORESIST|POLY PATTERN INSPECTION|POLYSILICON ETCH DRY|STRIP PHOTORESIST|CLEAN AFTER POLY ETCH|MEASURE GATE CD|IMPLANT CHANNEL STOP|RAPID THERMAL ANNEAL|MEASURE DEVICE PARAMETER|DEPOSIT INTERLEVEL DIELECTRIC|DENSIFY DIELECTRIC|MEASURE DIELECTRIC THICKNESS|CMP INTERLAYER DIELECTRIC|MEASURE PLANARITY|SPIN COAT PHOTORESIST|SOFT BAKE|ALIGN MASK LEVEL 5|EXPOSE LITHO LEVEL 5|DEVELOP PHOTORESIST|VIA INSPECTION|DIELECTRIC ETCH VIA|STRIP PHOTORESIST|CLEAN AFTER VIA ETCH|MEASURE VIA CD|DEPOSIT BARRIER METAL|DEPOSIT METAL SEED|FILL VIA METAL|CMP VIA FILL|DEPOSIT METAL 1|ANNEAL METAL|SPIN COAT PHOTORESIST|SOFT BAKE|ALIGN MASK LEVEL 6|METAL PATTERN INSPECTION|METAL ETCH DRY|STRIP RESIST|CLEAN AFTER METAL ETCH|MEASURE LINE WIDTH|DEPOSIT PASSIVATION LAYER|CURE PASSIVATION|MEASURE PASSIVATION QUALITY|OPEN PAD WINDOW|OPEN PAD WINDOW LITHO|DEVELOP PAD WINDOW|PASSIVATION ETCH|STRIP RESIST|CLEAN PAD OPENING|MEASURE PAD OPENING|BACKSIDE GRIND|MEASURE THICKNESS|BACKSIDE ETCH CLEAN|BACKSIDE RINSE|BACKSIDE DRY|BACKSIDE METALLIZATION PREP|DEPOSIT BACKSIDE METAL|BACKSIDE ANNEAL|MEASURE BACKSIDE CONTACT|FINAL CLEAN|FINAL THICKNESS MEASURE|FINAL GEOMETRY CHECK|FINAL CD INSPECTION|FINAL PARTICLE INSPECTION|PARAMETRIC TEST|LEAKAGE TEST|BREAKDOWN VOLTAGE TEST|SWITCHING TEST|YIELD ANALYSIS|WAFER SORT TEST|FINAL LOT RELEASE|SHIP LOT
id_forb_0014,igbt,RECEIVE WAFER LOT|LOT IDENTIFICATION|PRE CLEAN INSPECTION|MEASURE INITIAL THICKNESS|MEASURE SURFACE PARTICLES|PRE CLEAN WAFER|BACKSIDE CLEAN|FRONTSIDE CLEAN|RCA CLEAN 1|RCA CLEAN 2|HF DIP|DRY WAFER|EPITAXIAL WAFER CHECK|MEASURE EPITAXY THICKNESS|MEASURE RESISTIVITY|EPITAXIAL LAYER PREP|THERMAL OXIDATION|MEASURE OXIDE THICKNESS|SPIN COAT PHOTORESIST|SOFT BAKE|ALIGN MASK LEVEL 1|EXPOSE LITHO LEVEL 1|DEVELOP PHOTORESIST|INSPECT PATTERN LEVEL 1|OXIDE ETCH DRY|STRIP RESIST|MEASURE OPENING CD|IMPLANT P BODY|DRIVE IN DIFFUSION|MEASURE JUNCTION DEPTH|THERMAL OXIDATION|SPIN COAT PHOTORESIST|SOFT BAKE|ALIGN MASK LEVEL 2|EXPOSE LITHO LEVEL 2|DEVELOP PHOTORESIST|P BODY WINDOW INSPECTION|ETCH SILICON OR OXIDE WINDOW|STRIP RESIST|CLEAN AFTER WINDOW ETCH|MEASURE WINDOW CD|IMPLANT N BUFFER|PRE ANNEAL CHECK|RAPID THERMAL ANNEAL|MEASURE SHEET RESISTANCE|DEPOSIT FIELD OXIDE|DENSIFY OXIDE|MEASURE FILM THICKNESS|SPIN COAT PHOTORESIST|SOFT BAKE|ALIGN MASK LEVEL 3|EXPOSE LITHO LEVEL 3|POST EXPOSE BAKE|DEVELOP PHOTORESIST|FIELD PATTERN INSPECTION|FIELD OXIDE ETCH|STRIP RESIST|CLEAN AFTER FIELD ETCH|MEASURE SURFACE UNIFORMITY|IMPLANT SOURCE REGION|IMPLANT DRAIN / CATHODE REGION|PRE ANNEAL CHECK|RAPID THERMAL ANNEAL|DEPOSIT GATE OXIDE OR DIELECTRIC|ANNEAL DIELECTRIC|MEASURE OXIDE QUALITY|DEPOSIT POLYSILICON|POLYSILICON ANNEAL|SPIN COAT PHOTORESIST|SOFT BAKE|ALIGN MASK LEVEL 4|EXPOSE LITHO LEVEL 4|DEVELOP PHOTORESIST|POLY PATTERN INSPECTION|POLYSILICON ETCH DRY|STRIP RESIST|CLEAN AFTER POLY ETCH|MEASURE GATE CD|IMPLANT CHANNEL STOP|PRE ANNEAL CHECK|RAPID THERMAL ANNEAL|MEASURE DEVICE PARAMETER|DEPOSIT INTERLEVEL DIELECTRIC|DENSIFY DIELECTRIC|MEASURE DIELECTRIC THICKNESS|CMP INTERLAYER DIELECTRIC|MEASURE PLANARITY|SPIN COAT PHOTORESIST|SOFT BAKE|ALIGN MASK LEVEL 5|EXPOSE LITHO LEVEL 5|POST EXPOSE BAKE|DEVELOP PHOTORESIST|VIA OPENING INSPECTION|HARD BAKE|DIELECTRIC ETCH VIA|STRIP PHOTORESIST|CLEAN AFTER VIA ETCH|MEASURE VIA CD|DEPOSIT BARRIER METAL|DEPOSIT METAL SEED|FILL VIA METAL|CMP METAL|MEASURE VIA RESISTANCE|DEPOSIT METAL 1|ANNEAL METAL|MEASURE METAL THICKNESS|SPIN COAT PHOTORESIST|SOFT BAKE|ALIGN MASK LEVEL 6|EXPOSE LITHO LEVEL 6|DEVELOP PHOTORESIST|METAL PATTERN INSPECTION|METAL ETCH DRY|STRIP PHOTORESIST|CLEAN AFTER METAL ETCH|DEPOSIT PASSIVATION LAYER|CURE PASSIVATION|MEASURE PASSIVATION QUALITY|OPEN BOND PAD WINDOW|OPEN PAD WINDOW LITHO|DEVELOP PAD WINDOW|PASSIVATION ETCH|STRIP PHOTORESIST|CLEAN PAD OPENING|MEASURE PAD OPENING|BACKSIDE GRIND|MEASURE WAFER THICKNESS|BACKSIDE ETCH CLEAN|BACKSIDE RINSE|BACKSIDE DRY|BACKSIDE METALLIZATION PREP|DEPOSIT BACKSIDE METAL|BACKSIDE ANNEAL|MEASURE BACKSIDE CONTACT|FINAL CLEAN|FINAL THICKNESS MEASURE|FINAL GEOMETRY CHECK|FINAL CD INSPECTION|ELECTRICAL PARAMETRIC TEST|LEAKAGE TEST|BREAKDOWN VOLTAGE TEST|SWITCHING TEST|YIELD ANALYSIS|WAFER SORT TEST|LOT RELEASE|SHIP LOT
id_forb_0005,igbt,RECEIVE WAFER LOT|CMP DIELECTRIC|LOT IDENTIFICATION|INITIAL WAFER INSPECTION|MEASURE INITIAL THICKNESS|MEASURE SURFACE PARTICLES|PRE CLEAN WAFER|BACKSIDE CLEAN|FRONTSIDE CLEAN|RCA CLEAN 1|RCA CLEAN 2|HF DIP|DRY WAFER|EPITAXIAL WAFER CHECK|MEASURE EPITAXY THICKNESS|MEASURE RESISTIVITY|EPITAXIAL LAYER PREP|THERMAL OXIDATION|MEASURE OXIDE THICKNESS|SPIN COAT PHOTORESIST|SOFT BAKE|ALIGN MASK LEVEL 1|EXPOSE LITHO LEVEL 1|DEVELOP PHOTORESIST|INSPECT PATTERN LEVEL 1|HARD BAKE|OXIDE ETCH DRY|STRIP RESIST|CLEAN AFTER OXIDE ETCH|MEASURE OPENING CD|IMPLANT P BODY|PRE ANNEAL CHECK|DRIVE IN DIFFUSION|RAPID THERMAL ANNEAL|MEASURE JUNCTION DEPTH|THERMAL OXIDATION|SPIN COAT PHOTORESIST|SOFT BAKE|ALIGN MASK LEVEL 2|EXPOSE LITHO LEVEL 2|DEVELOP PHOTORESIST|P BODY WINDOW INSPECTION|HARD BAKE|ETCH SILICON OR OXIDE WINDOW|STRIP PHOTORESIST|CLEAN AFTER WINDOW ETCH|MEASURE WINDOW CD|IMPLANT N BUFFER|PRE ANNEAL CHECK|RAPID THERMAL ANNEAL|MEASURE SHEET RESISTANCE|DEPOSIT FIELD OXIDE|DENSIFY OXIDE|MEASURE FILM THICKNESS|SPIN COAT PHOTORESIST|SOFT BAKE|ALIGN MASK LEVEL 3|EXPOSE LITHO LEVEL 3|DEVELOP PHOTORESIST|FIELD PATTERN INSPECTION|FIELD OXIDE ETCH|STRIP PHOTORESIST|CLEAN AFTER FIELD ETCH|MEASURE SURFACE UNIFORMITY|IMPLANT SOURCE REGION|IMPLANT DRAIN / CATHODE REGION|PRE ANNEAL CHECK|RAPID THERMAL ANNEAL|MEASURE SHEET RESISTANCE|DEPOSIT GATE OXIDE OR DIELECTRIC|ANNEAL DIELECTRIC|MEASURE OXIDE QUALITY|DEPOSIT POLYSILICON|POLYSILICON ANNEAL|MEASURE POLY THICKNESS|SPIN COAT PHOTORESIST|SOFT BAKE|ALIGN MASK LEVEL 4|EXPOSE LITHO LEVEL 4|DEVELOP PHOTORESIST|POLY PATTERN INSPECTION|POLYSILICON ETCH DRY|STRIP RESIST|CLEAN AFTER POLY ETCH|IMPLANT CHANNEL STOP|RAPID THERMAL ANNEAL|MEASURE DEVICE PARAMETER|DEPOSIT INTERLAYER DIELECTRIC|DENSIFY OXIDE|MEASURE FILM THICKNESS|MEASURE SURFACE PLANARITY|SPIN COAT PHOTORESIST|SOFT BAKE|ALIGN MASK LEVEL 5|EXPOSE LITHO LEVEL 5|DEVELOP PHOTORESIST|VIA OPENING INSPECTION|VIA ETCH THROUGH DIELECTRIC|STRIP PHOTORESIST|CLEAN AFTER VIA ETCH|MEASURE VIA CD|DEPOSIT BARRIER METAL|DEPOSIT METAL SEED|FILL VIA METAL|CMP METAL|MEASURE VIA RESISTANCE|DEPOSIT TOP METAL|ANNEAL METAL|MEASURE METAL THICKNESS|SPIN COAT PHOTORESIST|SOFT BAKE|ALIGN MASK LEVEL 6|EXPOSE LITHO LEVEL 6|DEVELOP PHOTORESIST|METAL PATTERN INSPECTION|METAL ETCH DRY|STRIP RESIST|CLEAN AFTER METAL ETCH|DEPOSIT PASSIVATION|CURE PASSIVATION|MEASURE PASSIVATION THICKNESS|OPEN BOND PAD WINDOW|PAD WINDOW LITHO|DEVELOP PAD WINDOW|PASSIVATION ETCH PAD OPENING|STRIP RESIST|CLEAN PAD OPENING|MEASURE PAD OPENING|BACKSIDE GRIND|MEASURE THICKNESS|BACKSIDE ETCH CLEAN|BACKSIDE RINSE|BACKSIDE DRY|BACKSIDE METALLIZATION PREP|DEPOSIT BACKSIDE METAL|BACKSIDE ANNEAL|MEASURE BACKSIDE CONTACT|FINAL CLEAN|FINAL THICKNESS MEASURE|FINAL GEOMETRY CHECK|FINAL CD INSPECTION|FINAL PARTICLE INSPECTION|PARAMETRIC TEST|LEAKAGE TEST|BREAKDOWN VOLTAGE TEST|SWITCHING TEST|YIELD ANALYSIS|WAFER SORT TEST|LOT RELEASE|SHIP LOT
id_forb_0012,igbt,RECEIVE WAFER LOT|LOT IDENTIFICATION|PRE CLEAN INSPECTION|MEASURE INITIAL THICKNESS|MEASURE SURFACE PARTICLES|PRE CLEAN WAFER|BACKSIDE CLEAN|FRONTSIDE CLEAN|WET CLEAN RCA1|WET CLEAN RCA2|HF DIP|DRY WAFER|EPITAXIAL WAFER CHECK|MEASURE EPITAXY THICKNESS|MEASURE RESISTIVITY|EPITAXIAL REWORK CHECK|EPITAXIAL LAYER PREP|THERMAL OXIDATION|MEASURE OXIDE THICKNESS|SPIN COAT PHOTORESIST|SOFT BAKE|ALIGN MASK LEVEL 1|EXPOSE LITHO LEVEL 1|POST EXPOSE BAKE|DEVELOP PHOTORESIST|INSPECT PATTERN LEVEL 1|HARD BAKE|OXIDE ETCH DRY|STRIP RESIST|CLEAN AFTER OXIDE ETCH|MEASURE OPENING CD|IMPLANT P BODY|PRE ANNEAL CHECK|DRIVE IN DIFFUSION|RAPID THERMAL ANNEAL|MEASURE JUNCTION DEPTH|THERMAL OXIDATION|SPIN COAT PHOTORESIST|SOFT BAKE|ALIGN MASK LEVEL 2|EXPOSE LITHO LEVEL 2|DEVELOP PHOTORESIST|P BODY WINDOW INSPECTION|ETCH SILICON OR OXIDE WINDOW|STRIP PHOTORESIST|CLEAN AFTER WINDOW ETCH|MEASURE WINDOW CD|IMPLANT N BUFFER|PRE ANNEAL CHECK|RAPID THERMAL ANNEAL|MEASURE SHEET RESISTANCE|DEPOSIT FIELD OXIDE|DENSIFY OXIDE|SPIN COAT PHOTORESIST|SOFT BAKE|ALIGN MASK LEVEL 3|EXPOSE LITHO LEVEL 3|POST EXPOSE BAKE|DEVELOP PHOTORESIST|FIELD PATTERN INSPECTION|FIELD OXIDE ETCH|STRIP PHOTORESIST|CLEAN AFTER FIELD ETCH|MEASURE SURFACE UNIFORMITY|IMPLANT SOURCE REGION|IMPLANT DRAIN / CATHODE REGION|PRE ANNEAL CHECK|RAPID THERMAL ANNEAL|MEASURE SHEET RESISTANCE|DEPOSIT GATE OXIDE OR DIELECTRIC|ANNEAL DIELECTRIC|MEASURE OXIDE QUALITY|DEPOSIT POLYSILICON|POLYSILICON ANNEAL|SPIN COAT PHOTORESIST|SOFT BAKE|ALIGN MASK LEVEL 4|EXPOSE LITHO LEVEL 4|DEVELOP PHOTORESIST|POLY PATTERN INSPECTION|POLYSILICON ETCH DRY|STRIP PHOTORESIST|CLEAN AFTER POLY ETCH|MEASURE GATE CD|IMPLANT CHANNEL STOP|PRE ANNEAL CHECK|RAPID THERMAL ANNEAL|MEASURE DEVICE PARAMETER|DEPOSIT INTERLEVEL DIELECTRIC|DENSIFY OXIDE|MEASURE FILM THICKNESS|CMP INTERLAYER DIELECTRIC|MEASURE SURFACE PLANARITY|SPIN COAT PHOTORESIST|SOFT BAKE|ALIGN MASK LEVEL 5|EXPOSE LITHO LEVEL 5|DEVELOP PHOTORESIST|VIA OPENING INSPECTION|DIELECTRIC ETCH VIA|STRIP RESIST|CLEAN AFTER VIA ETCH|MEASURE VIA CD|DEPOSIT BARRIER METAL|DEPOSIT METAL SEED|FILL VIA METAL|CMP METAL|DEPOSIT TOP METAL|ANNEAL METAL 1|SPIN COAT PHOTORESIST|SOFT BAKE|ALIGN MASK LEVEL 7|EXPOSE LITHO LEVEL 6|POST EXPOSE BAKE|DEVELOP PHOTORESIST|METAL PATTERN INSPECTION|METAL ETCH DRY|STRIP RESIST|CLEAN AFTER METAL ETCH|MEASURE LINE WIDTH|DEPOSIT PASSIVATION LAYER|CURE PASSIVATION|MEASURE PASSIVATION THICKNESS|OPEN PAD WINDOW|PAD WINDOW LITHO|DEVELOP PAD WINDOW|PASSIVATION ETCH|STRIP PHOTORESIST|CLEAN PAD OPENING|MEASURE PAD OPENING|BACKSIDE GRIND|MEASURE THICKNESS|BACKSIDE ETCH CLEAN|BACKSIDE RINSE|BACKSIDE DRY|BACKSIDE METALLIZATION PREP|DEPOSIT BACKSIDE METAL|BACKSIDE ANNEAL|MEASURE BACKSIDE CONTACT|FINAL CLEAN|FINAL THICKNESS MEASURE|FINAL GEOMETRY CHECK|FINAL PARTICLE INSPECTION|PARAMETRIC TEST|LEAKAGE TEST|BREAKDOWN VOLTAGE TEST|SWITCHING TEST|WAFER SORT TEST|YIELD ANALYSIS|LOT RELEASE|SHIP LOT
id_valid_0011,mosfet,RECEIVE WAFER LOT|LOT IDENTIFICATION|INITIAL WAFER INSPECTION|MEASURE THICKNESS|PRE CLEAN WAFER|FRONTSIDE CLEAN|RCA CLEAN 1|RCA CLEAN 2|HF DIP|SUBSTRATE CHECK|EPITAXY PREP|EPITAXIAL DEPOSITION|MEASURE EPITAXY THICKNESS|MEASURE RESISTIVITY|EPITAXY ANNEAL|WAFER SURFACE CLEAN|THERMAL OXIDATION|MEASURE OXIDE THICKNESS|SPIN COAT PHOTORESIST|SOFT BAKE|ALIGN MASK LEVEL 1|EXPOSE LITHO LEVEL 1|DEVELOP PHOTORESIST|PATTERN INSPECTION LEVEL 1|HARD BAKE|OXIDE ETCH|STRIP RESIST|CLEAN AFTER ETCH|MEASURE OPENING CD|IMPLANT WELL|DRIVE IN DIFFUSION|RAPID THERMAL ANNEAL|MEASURE JUNCTION DEPTH|THERMAL OXIDATION|GATE OXIDE PREP|GATE OXIDE GROWTH|MEASURE GATE OXIDE THICKNESS|DEPOSIT POLYSILICON|POLYSILICON ANNEAL|SPIN COAT PHOTORESIST|SOFT BAKE|ALIGN MASK LEVEL 2|EXPOSE LITHO LEVEL 2|DEVELOP PHOTORESIST|POLY PATTERN INSPECTION|HARD BAKE|POLYSILICON ETCH|STRIP PHOTORESIST|CLEAN AFTER POLY ETCH|IMPLANT SOURCE DRAIN|PRE ANNEAL CHECK|LIGHT ANNEAL|MEASURE SHEET RESISTANCE|DEPOSIT SPACER DIELECTRIC|ANISOTROPIC ETCH SPACER|MEASURE SPACER WIDTH|IMPLANT LDD|PRE ANNEAL CHECK|RAPID THERMAL ANNEAL|MEASURE JUNCTION PROFILE|DEPOSIT INTERLAYER DIELECTRIC|DENSIFY DIELECTRIC|MEASURE DIELECTRIC THICKNESS|CMP DIELECTRIC|MEASURE PLANARITY|SPIN COAT PHOTORESIST|SOFT BAKE|ALIGN MASK LEVEL 3|EXPOSE LITHO LEVEL 3|DEVELOP PHOTORESIST|VIA OPENING INSPECTION|DIELECTRIC ETCH VIA|STRIP RESIST|CLEAN AFTER VIA ETCH|MEASURE VIA CD|DEPOSIT BARRIER METAL|DEPOSIT METAL SEED|FILL VIA METAL|CMP METAL|DEPOSIT TOP METAL|ANNEAL METAL|MEASURE METAL THICKNESS|SPIN COAT PHOTORESIST|SOFT BAKE|ALIGN MASK LEVEL 4|EXPOSE LITHO LEVEL 4|DEVELOP PHOTORESIST|METAL PATTERN INSPECTION|METAL ETCH|STRIP PHOTORESIST|CLEAN AFTER METAL ETCH|MEASURE LINE WIDTH|DEPOSIT PASSIVATION|CURE PASSIVATION|MEASURE PASSIVATION QUALITY|OPEN PAD WINDOW|PAD WINDOW LITHO|DEVELOP PHOTORESIST|PASSIVATION ETCH|STRIP PHOTORESIST|CLEAN PAD OPENING|MEASURE PAD OPENING|BACKSIDE CLEAN|BACKSIDE GRIND|MEASURE WAFER THICKNESS|BACKSIDE ETCH CLEAN|BACKSIDE RINSE|BACKSIDE DRY|BACKSIDE METALLIZATION PREP|DEPOSIT BACKSIDE METAL|BACKSIDE ANNEAL|MEASURE BACKSIDE CONTACT|FINAL CLEAN|FINAL THICKNESS MEASURE|FINAL GEOMETRY CHECK|FINAL CD INSPECTION|FINAL PARTICLE INSPECTION|PARAMETRIC TEST|LEAKAGE TEST|THRESHOLD VOLTAGE TEST|SWITCHING TEST|WAFER SORT TEST|YIELD ANALYSIS|LOT RELEASE|SHIP LOT
id_forb_0020,mosfet,RECEIVE WAFER LOT|LOT IDENTIFICATION|INITIAL WAFER INSPECTION|MEASURE THICKNESS|MEASURE SURFACE PARTICLES|PRE CLEAN WAFER|BACKSIDE CLEAN|WET CLEAN RCA1|RCA CLEAN 2|HF DIP|SUBSTRATE CHECK|EPITAXY PREP|EPITAXIAL DEPOSITION|MEASURE EPITAXY THICKNESS|MEASURE RESISTIVITY|EPITAXY ANNEAL|WAFER SURFACE CLEAN|THERMAL OXIDATION|MEASURE OXIDE THICKNESS|SPIN COAT PHOTORESIST|SOFT BAKE|ALIGN MASK LEVEL 1|EXPOSE LITHO LEVEL 1|POST EXPOSE BAKE|DEVELOP PHOTORESIST|PATTERN INSPECTION LEVEL 1|OXIDE ETCH|STRIP RESIST|CLEAN AFTER ETCH|MEASURE OPENING CD|IMPLANT WELL|DRIVE IN DIFFUSION|RAPID THERMAL ANNEAL|MEASURE JUNCTION DEPTH|THERMAL OXIDATION|GATE OXIDE PREP|GATE OXIDE GROWTH|MEASURE GATE OXIDE THICKNESS|DEPOSIT POLYSILICON|POLYSILICON ANNEAL|MEASURE POLY THICKNESS|SPIN COAT PHOTORESIST|SOFT BAKE|ALIGN MASK LEVEL 2|EXPOSE LITHO LEVEL 2|DEVELOP PHOTORESIST|POLY PATTERN INSPECTION|POLYSILICON ETCH|STRIP RESIST|CLEAN AFTER POLY ETCH|MEASURE GATE CD|IMPLANT SOURCE DRAIN|LIGHT ANNEAL|MEASURE SHEET RESISTANCE|DEPOSIT SPACER DIELECTRIC|ANISOTROPIC ETCH SPACER|MEASURE SPACER WIDTH|IMPLANT LDD|PRE ANNEAL CHECK|RAPID THERMAL ANNEAL|MEASURE JUNCTION PROFILE|DEPOSIT INTERLAYER DIELECTRIC|DENSIFY OXIDE|MEASURE DIELECTRIC THICKNESS|CMP DIELECTRIC|MEASURE PLANARITY|SPIN COAT PHOTORESIST|SOFT BAKE|ALIGN MASK LEVEL 3|EXPOSE LITHO LEVEL 3|POST EXPOSE BAKE|DEVELOP PHOTORESIST|VIA INSPECTION|HARD BAKE|VIA ETCH THROUGH DIELECTRIC|STRIP PHOTORESIST|CLEAN AFTER VIA ETCH|MEASURE VIA CD|DEPOSIT BARRIER METAL|DEPOSIT METAL SEED|FILL VIA METAL|CMP VIA FILL|MEASURE CONTACT RESISTANCE|DEPOSIT METAL 1|ANNEAL METAL|SPIN COAT PHOTORESIST|SOFT BAKE|ALIGN MASK LEVEL 4|METAL PATTERN INSPECTION|METAL ETCH|STRIP PHOTORESIST|CLEAN AFTER METAL ETCH|MEASURE LINE WIDTH|DEPOSIT PASSIVATION|CURE PASSIVATION|MEASURE PASSIVATION QUALITY|OPEN PAD WINDOW|PAD WINDOW LITHO|DEVELOP PAD WINDOW|PASSIVATION ETCH PAD OPENING|STRIP RESIST|CLEAN PAD OPENING|MEASURE PAD OPENING|BACKSIDE CLEAN|BACKSIDE GRIND|MEASURE WAFER THICKNESS|BACKSIDE ETCH CLEAN|BACKSIDE RINSE|BACKSIDE DRY|BACKSIDE METALLIZATION PREP|DEPOSIT BACKSIDE METAL|BACKSIDE ANNEAL|MEASURE BACKSIDE CONTACT|FINAL CLEAN|FINAL THICKNESS MEASURE|FINAL CD INSPECTION|FINAL PARTICLE INSPECTION|PARAMETRIC TEST|LEAKAGE TEST|THRESHOLD VOLTAGE TEST|SWITCHING TEST|WAFER SORT TEST|YIELD ANALYSIS|FINAL LOT RELEASE|SHIP LOT
id_forb_0027,mosfet,RECEIVE WAFER LOT|LOT IDENTIFICATION|INITIAL WAFER INSPECTION|MEASURE THICKNESS|MEASURE SURFACE PARTICLES|PRE CLEAN WAFER|WET CLEAN RCA1|WET CLEAN RCA2|HF DIP|DRY WAFER|SUBSTRATE CHECK|EPITAXY PREP|EPITAXIAL DEPOSITION|MEASURE EPITAXY THICKNESS|MEASURE RESISTIVITY|EPITAXY ANNEAL|WAFER SURFACE CLEAN|THERMAL OXIDATION|MEASURE OXIDE THICKNESS|SPIN COAT PHOTORESIST|SOFT BAKE|ALIGN MASK LEVEL 1|EXPOSE LITHO LEVEL 1|DEVELOP PHOTORESIST|PATTERN INSPECTION LEVEL 1|HARD BAKE|OXIDE ETCH|STRIP PHOTORESIST|CLEAN AFTER ETCH|MEASURE OPENING CD|IMPLANT WELL|DRIVE IN DIFFUSION|RAPID THERMAL ANNEAL|MEASURE JUNCTION DEPTH|THERMAL OXIDATION|GATE OXIDE PREP|GATE OXIDE GROWTH|MEASURE GATE OXIDE THICKNESS|DEPOSIT POLYSILICON|POLYSILICON ANNEAL|MEASURE POLY THICKNESS|SPIN COAT PHOTORESIST|SOFT BAKE|ALIGN MASK LEVEL 2|EXPOSE LITHO LEVEL 2|DEVELOP PHOTORESIST|POLY PATTERN INSPECTION|POLYSILICON ETCH|STRIP PHOTORESIST|CLEAN AFTER POLY ETCH|IMPLANT SOURCE DRAIN|PRE ANNEAL CHECK|LIGHT ANNEAL|DEPOSIT SPACER DIELECTRIC|ANISOTROPIC ETCH SPACER|IMPLANT LDD|PRE ANNEAL CHECK|RAPID THERMAL ANNEAL|DEPOSIT INTERLAYER DIELECTRIC|DENSIFY DIELECTRIC|MEASURE FILM THICKNESS|CMP DIELECTRIC|MEASURE SURFACE PLANARITY|SPIN COAT PHOTORESIST|SOFT BAKE|ALIGN MASK LEVEL 3|EXPOSE LITHO LEVEL 3|DEVELOP PHOTORESIST|VIA INSPECTION|VIA ETCH|STRIP RESIST|MEASURE VIA CD|DEPOSIT BARRIER METAL|DEPOSIT METAL SEED|FILL VIA METAL|CMP METAL|MEASURE VIA RESISTANCE|DEPOSIT TOP METAL|ANNEAL METAL 1|MEASURE METAL THICKNESS|SPIN COAT PHOTORESIST|SOFT BAKE|ALIGN MASK LEVEL 4|EXPOSE LITHO LEVEL 4|DEVELOP PHOTORESIST|METAL PATTERN INSPECTION|HARD BAKE|METAL ETCH|STRIP PHOTORESIST|CLEAN AFTER METAL ETCH|MEASURE LINE WIDTH|DEPOSIT PASSIVATION LAYER|CURE PASSIVATION|MEASURE PASSIVATION THICKNESS|OPEN BOND PAD WINDOW|OPEN PAD WINDOW LITHO|DEVELOP PAD WINDOW|PASSIVATION ETCH PAD OPENING|STRIP RESIST|CLEAN PAD OPENING|MEASURE PAD OPENING|BACKSIDE CLEAN|BACKSIDE GRIND|MEASURE WAFER THICKNESS|BACKSIDE ETCH CLEAN|BACKSIDE RINSE|BACKSIDE DRY|BACKSIDE METALLIZATION PREP|DEPOSIT BACKSIDE METAL|BACKSIDE ANNEAL|MEASURE BACKSIDE CONTACT|FINAL CLEAN|FINAL GEOMETRY CHECK|FINAL PARTICLE INSPECTION|ELECTRICAL PARAMETRIC TEST|LEAKAGE TEST|THRESHOLD VOLTAGE TEST|SWITCHING TEST|WAFER SORT TEST|YIELD ANALYSIS|FINAL LOT RELEASE|SHIP LOT
id_forb_0010,mosfet,RECEIVE WAFER LOT|IMPLANT SOURCE DRAIN|LOT IDENTIFICATION|INITIAL WAFER INSPECTION|MEASURE THICKNESS|MEASURE SURFACE PARTICLES|PRE CLEAN WAFER|FRONTSIDE CLEAN|WET CLEAN RCA1|RCA CLEAN 2|HF DIP|SUBSTRATE CHECK|EPITAXY PREP|EPITAXIAL DEPOSITION|MEASURE EPITAXY THICKNESS|MEASURE RESISTIVITY|EPITAXY ANNEAL|WAFER SURFACE CLEAN|THERMAL OXIDATION|MEASURE OXIDE THICKNESS|SPIN COAT PHOTORESIST|SOFT BAKE|ALIGN MASK LEVEL 1|EXPOSE LITHO LEVEL 1|DEVELOP PHOTORESIST|PATTERN INSPECTION LEVEL 1|OXIDE ETCH|STRIP RESIST|CLEAN AFTER ETCH|MEASURE OPENING CD|IMPLANT WELL|PRE ANNEAL CHECK|DRIVE IN DIFFUSION|RAPID THERMAL ANNEAL|THERMAL OXIDATION|GATE OXIDE PREP|GATE OXIDE GROWTH|MEASURE GATE OXIDE THICKNESS|DEPOSIT POLYSILICON|POLYSILICON ANNEAL|MEASURE POLY THICKNESS|SPIN COAT PHOTORESIST|SOFT BAKE|ALIGN MASK LEVEL 2|EXPOSE LITHO LEVEL 2|DEVELOP PHOTORESIST|POLY PATTERN INSPECTION|HARD BAKE|POLYSILICON ETCH|STRIP PHOTORESIST|CLEAN AFTER POLY ETCH|MEASURE GATE CD|PRE ANNEAL CHECK|LIGHT ANNEAL|MEASURE SHEET RESISTANCE|DEPOSIT SPACER DIELECTRIC|ANISOTROPIC ETCH SPACER|MEASURE SPACER WIDTH|IMPLANT LDD|PRE ANNEAL CHECK|RAPID THERMAL ANNEAL|DEPOSIT INTERLAYER DIELECTRIC|DENSIFY DIELECTRIC|MEASURE DIELECTRIC THICKNESS|CMP INTERLAYER DIELECTRIC|MEASURE SURFACE PLANARITY|SPIN COAT PHOTORESIST|SOFT BAKE|ALIGN MASK LEVEL 3|EXPOSE LITHO LEVEL 3|DEVELOP PHOTORESIST|VIA INSPECTION|HARD BAKE|VIA ETCH THROUGH DIELECTRIC|STRIP RESIST|CLEAN AFTER VIA ETCH|DEPOSIT BARRIER METAL|DEPOSIT METAL SEED|FILL VIA METAL|CMP VIA FILL|MEASURE VIA RESISTANCE|DEPOSIT METAL 1|ANNEAL METAL|MEASURE METAL THICKNESS|SPIN COAT PHOTORESIST|SOFT BAKE|ALIGN MASK LEVEL 4|EXPOSE LITHO LEVEL 4|POST EXPOSE BAKE|DEVELOP PHOTORESIST|METAL PATTERN INSPECTION|METAL ETCH|STRIP PHOTORESIST|CLEAN AFTER METAL ETCH|DEPOSIT PASSIVATION LAYER|CURE PASSIVATION|MEASURE PASSIVATION QUALITY|OPEN PAD WINDOW|PAD WINDOW LITHO|DEVELOP PHOTORESIST|PASSIVATION ETCH PAD OPENING|STRIP RESIST|CLEAN PAD OPENING|MEASURE PAD OPENING|BACKSIDE CLEAN|BACKSIDE GRIND|MEASURE WAFER THICKNESS|BACKSIDE ETCH CLEAN|BACKSIDE RINSE|BACKSIDE DRY|BACKSIDE METALLIZATION PREP|DEPOSIT BACKSIDE METAL|BACKSIDE ANNEAL|MEASURE BACKSIDE CONTACT|FINAL CLEAN|FINAL THICKNESS MEASURE|FINAL GEOMETRY CHECK|FINAL PARTICLE INSPECTION|PARAMETRIC TEST|LEAKAGE TEST|THRESHOLD VOLTAGE TEST|SWITCHING TEST|WAFER SORT TEST|YIELD ANALYSIS|LOT RELEASE|SHIP LOT
id_forb_0031,igbt,RECEIVE WAFER LOT|LOT IDENTIFICATION|INITIAL WAFER INSPECTION|MEASURE INITIAL THICKNESS|MEASURE SURFACE PARTICLES|PRE CLEAN WAFER|BACKSIDE CLEAN|FRONTSIDE CLEAN|WET CLEAN RCA1|WET CLEAN RCA2|HF DIP|EPITAXIAL WAFER CHECK|MEASURE EPITAXY THICKNESS|MEASURE RESISTIVITY|EPITAXIAL LAYER PREP|THERMAL OXIDATION|MEASURE OXIDE THICKNESS|SPIN COAT PHOTORESIST|SOFT BAKE|ALIGN MASK LEVEL 1|EXPOSE LITHO LEVEL 1|POST EXPOSE BAKE|DEVELOP PHOTORESIST|INSPECT PATTERN LEVEL 1|OXIDE ETCH DRY|STRIP RESIST|CLEAN AFTER OXIDE ETCH|MEASURE OPENING CD|IMPLANT P BODY|DRIVE IN DIFFUSION|RAPID THERMAL ANNEAL|MEASURE JUNCTION DEPTH|THERMAL OXIDATION|SPIN COAT PHOTORESIST|SOFT BAKE|ALIGN MASK LEVEL 2|EXPOSE LITHO LEVEL 2|POST EXPOSE BAKE|DEVELOP PHOTORESIST|P BODY WINDOW INSPECTION|ETCH SILICON OR OXIDE WINDOW|STRIP PHOTORESIST|CLEAN AFTER WINDOW ETCH|MEASURE WINDOW CD|IMPLANT N BUFFER|RAPID THERMAL ANNEAL|DEPOSIT FIELD OXIDE|DENSIFY OXIDE|MEASURE FILM THICKNESS|SPIN COAT PHOTORESIST|SOFT BAKE|ALIGN MASK LEVEL 3|EXPOSE LITHO LEVEL 3|POST EXPOSE BAKE|DEVELOP PHOTORESIST|FIELD PATTERN INSPECTION|FIELD OXIDE ETCH|STRIP PHOTORESIST|CLEAN AFTER FIELD ETCH|MEASURE SURFACE UNIFORMITY|IMPLANT SOURCE REGION|IMPLANT DRAIN / CATHODE REGION|PRE ANNEAL CHECK|RAPID THERMAL ANNEAL|MEASURE SHEET RESISTANCE|DEPOSIT GATE OXIDE OR DIELECTRIC|ANNEAL DIELECTRIC|DEPOSIT POLYSILICON|POLYSILICON ANNEAL|MEASURE POLY THICKNESS|SPIN COAT PHOTORESIST|SOFT BAKE|ALIGN MASK LEVEL 4|EXPOSE LITHO LEVEL 4|DEVELOP PHOTORESIST|POLY PATTERN INSPECTION|HARD BAKE|POLYSILICON ETCH DRY|STRIP RESIST|CLEAN AFTER POLY ETCH|IMPLANT CHANNEL STOP|PRE ANNEAL CHECK|RAPID THERMAL ANNEAL|DEPOSIT INTERLAYER DIELECTRIC|DENSIFY DIELECTRIC|MEASURE FILM THICKNESS|CMP INTERLAYER DIELECTRIC|MEASURE PLANARITY|SPIN COAT PHOTORESIST|SOFT BAKE|ALIGN MASK LEVEL 5|EXPOSE LITHO LEVEL 5|DEVELOP PHOTORESIST|VIA OPENING INSPECTION|DIELECTRIC ETCH VIA|STRIP PHOTORESIST|CLEAN AFTER VIA ETCH|DEPOSIT BARRIER METAL|DEPOSIT METAL SEED|FILL VIA METAL|CMP VIA FILL|MEASURE CONTACT RESISTANCE|DEPOSIT TOP METAL|ANNEAL METAL|MEASURE METAL THICKNESS|SPIN COAT PHOTORESIST|SOFT BAKE|ALIGN MASK LEVEL 6|METAL PATTERN INSPECTION|METAL ETCH DRY|STRIP PHOTORESIST|CLEAN AFTER METAL ETCH|MEASURE LINE WIDTH|DEPOSIT PASSIVATION|CURE PASSIVATION|MEASURE PASSIVATION QUALITY|OPEN PAD WINDOW|OPEN PAD WINDOW LITHO|DEVELOP PHOTORESIST|PASSIVATION ETCH|STRIP RESIST|CLEAN PAD OPENING|MEASURE PAD OPENING|BACKSIDE GRIND|MEASURE THICKNESS|BACKSIDE ETCH CLEAN|BACKSIDE RINSE|BACKSIDE DRY|BACKSIDE METALLIZATION PREP|DEPOSIT BACKSIDE METAL|BACKSIDE ANNEAL|MEASURE BACKSIDE CONTACT|FINAL CLEAN|FINAL THICKNESS MEASURE|FINAL GEOMETRY CHECK|ELECTRICAL PARAMETRIC TEST|LEAKAGE TEST|BREAKDOWN VOLTAGE TEST|SWITCHING TEST|YIELD ANALYSIS|WAFER SORT TEST|FINAL LOT RELEASE|SHIP LOT
id_valid_0010,igbt,RECEIVE WAFER LOT|LOT IDENTIFICATION|PRE CLEAN INSPECTION|MEASURE INITIAL THICKNESS|MEASURE SURFACE PARTICLES|PRE CLEAN WAFER|BACKSIDE CLEAN|FRONTSIDE CLEAN|RCA CLEAN 1|WET CLEAN RCA2|HF DIP|DRY WAFER|EPITAXIAL WAFER CHECK|MEASURE EPITAXY THICKNESS|MEASURE RESISTIVITY|EPITAXIAL LAYER PREP|THERMAL OXIDATION|MEASURE OXIDE THICKNESS|SPIN COAT PHOTORESIST|SOFT BAKE|ALIGN MASK LEVEL 1|EXPOSE LITHO LEVEL 1|DEVELOP PHOTORESIST|INSPECT PATTERN LEVEL 1|OXIDE ETCH DRY|STRIP PHOTORESIST|CLEAN AFTER OXIDE ETCH|MEASURE OPENING CD|IMPLANT P BODY|DRIVE IN DIFFUSION|RAPID THERMAL ANNEAL|MEASURE JUNCTION DEPTH|THERMAL OXIDATION|SPIN COAT PHOTORESIST|SOFT BAKE|ALIGN MASK LEVEL 2|EXPOSE LITHO LEVEL 2|POST EXPOSE BAKE|DEVELOP PHOTORESIST|P BODY WINDOW INSPECTION|ETCH SILICON OR OXIDE WINDOW|STRIP RESIST|CLEAN AFTER WINDOW ETCH|MEASURE WINDOW CD|IMPLANT N BUFFER|PRE ANNEAL CHECK|RAPID THERMAL ANNEAL|MEASURE SHEET RESISTANCE|DEPOSIT FIELD OXIDE|DENSIFY OXIDE|MEASURE FILM THICKNESS|SPIN COAT PHOTORESIST|SOFT BAKE|ALIGN MASK LEVEL 3|EXPOSE LITHO LEVEL 3|POST EXPOSE BAKE|DEVELOP PHOTORESIST|FIELD PATTERN INSPECTION|HARD BAKE|FIELD OXIDE ETCH|STRIP PHOTORESIST|CLEAN AFTER FIELD ETCH|MEASURE SURFACE UNIFORMITY|IMPLANT SOURCE REGION|IMPLANT DRAIN / CATHODE REGION|PRE ANNEAL CHECK|RAPID THERMAL ANNEAL|MEASURE SHEET RESISTANCE|DEPOSIT GATE OXIDE OR DIELECTRIC|ANNEAL DIELECTRIC|DEPOSIT POLYSILICON|POLYSILICON ANNEAL|MEASURE POLY THICKNESS|SPIN COAT PHOTORESIST|SOFT BAKE|ALIGN MASK LEVEL 4|EXPOSE LITHO LEVEL 4|DEVELOP PHOTORESIST|POLY PATTERN INSPECTION|POLYSILICON ETCH DRY|STRIP RESIST|CLEAN AFTER POLY ETCH|IMPLANT CHANNEL STOP|PRE ANNEAL CHECK|RAPID THERMAL ANNEAL|MEASURE DEVICE PARAMETER|DEPOSIT INTERLAYER DIELECTRIC|DENSIFY DIELECTRIC|MEASURE DIELECTRIC THICKNESS|CMP DIELECTRIC|MEASURE SURFACE PLANARITY|SPIN COAT PHOTORESIST|SOFT BAKE|ALIGN MASK LEVEL 5|EXPOSE LITHO LEVEL 5|DEVELOP PHOTORESIST|VIA INSPECTION|VIA ETCH|STRIP PHOTORESIST|CLEAN AFTER VIA ETCH|MEASURE VIA CD|DEPOSIT BARRIER METAL|DEPOSIT METAL SEED|FILL VIA METAL|CMP VIA FILL|MEASURE VIA RESISTANCE|DEPOSIT METAL 1|ANNEAL METAL|MEASURE METAL THICKNESS|SPIN COAT PHOTORESIST|SOFT BAKE|ALIGN MASK LEVEL 6|EXPOSE LITHO LEVEL 6|POST EXPOSE BAKE|DEVELOP PHOTORESIST|METAL PATTERN INSPECTION|HARD BAKE|METAL ETCH DRY|STRIP RESIST|CLEAN AFTER METAL ETCH|DEPOSIT PASSIVATION LAYER|CURE PASSIVATION|MEASURE PASSIVATION QUALITY|OPEN PAD WINDOW|OPEN PAD WINDOW LITHO|DEVELOP PHOTORESIST|PASSIVATION ETCH PAD OPENING|STRIP RESIST|CLEAN PAD OPENING|MEASURE PAD OPENING|BACKSIDE GRIND|MEASURE WAFER THICKNESS|BACKSIDE ETCH CLEAN|BACKSIDE RINSE|BACKSIDE DRY|BACKSIDE METALLIZATION PREP|DEPOSIT BACKSIDE METAL|BACKSIDE ANNEAL|MEASURE BACKSIDE CONTACT|FINAL CLEAN|FINAL THICKNESS MEASURE|FINAL GEOMETRY CHECK|FINAL PARTICLE INSPECTION|PARAMETRIC TEST|LEAKAGE TEST|BREAKDOWN VOLTAGE TEST|SWITCHING TEST|YIELD ANALYSIS|WAFER SORT TEST|FINAL LOT RELEASE|SHIP LOT
id_forb_0024,igbt,RECEIVE WAFER LOT|LOT IDENTIFICATION|PRE CLEAN INSPECTION|MEASURE INITIAL THICKNESS|MEASURE SURFACE PARTICLES|PRE CLEAN WAFER|BACKSIDE CLEAN|FRONTSIDE CLEAN|WET CLEAN RCA1|RCA CLEAN 2|HF DIP|DRY WAFER|EPITAXIAL WAFER CHECK|MEASURE EPITAXY THICKNESS|MEASURE RESISTIVITY|EPITAXIAL REWORK CHECK|EPITAXIAL LAYER PREP|THERMAL OXIDATION|MEASURE OXIDE THICKNESS|SPIN COAT PHOTORESIST|SOFT BAKE|ALIGN MASK LEVEL 1|EXPOSE LITHO LEVEL 1|INSPECT PATTERN LEVEL 1|OXIDE ETCH DRY|STRIP PHOTORESIST|CLEAN AFTER OXIDE ETCH|MEASURE OPENING CD|IMPLANT P BODY|DRIVE IN DIFFUSION|RAPID THERMAL ANNEAL|MEASURE JUNCTION DEPTH|THERMAL OXIDATION|SPIN COAT PHOTORESIST|SOFT BAKE|ALIGN MASK LEVEL 2|EXPOSE LITHO LEVEL 2|POST EXPOSE BAKE|DEVELOP PHOTORESIST|P BODY WINDOW INSPECTION|ETCH SILICON OR OXIDE WINDOW|STRIP PHOTORESIST|CLEAN AFTER WINDOW ETCH|IMPLANT N BUFFER|RAPID THERMAL ANNEAL|MEASURE SHEET RESISTANCE|EPITAXIAL REWORK CHECK|DEPOSIT FIELD OXIDE|DENSIFY OXIDE|MEASURE FILM THICKNESS|SPIN COAT PHOTORESIST|SOFT BAKE|ALIGN MASK LEVEL 3|EXPOSE LITHO LEVEL 3|DEVELOP PHOTORESIST|FIELD PATTERN INSPECTION|FIELD OXIDE ETCH|STRIP RESIST|CLEAN AFTER FIELD ETCH|IMPLANT SOURCE REGION|IMPLANT DRAIN / CATHODE REGION|PRE ANNEAL CHECK|RAPID THERMAL ANNEAL|MEASURE SHEET RESISTANCE|DEPOSIT GATE OXIDE OR DIELECTRIC|ANNEAL DIELECTRIC|DEPOSIT POLYSILICON|POLYSILICON ANNEAL|MEASURE POLY THICKNESS|SPIN COAT PHOTORESIST|SOFT BAKE|ALIGN MASK LEVEL 4|EXPOSE LITHO LEVEL 4|POST EXPOSE BAKE|DEVELOP PHOTORESIST|POLY PATTERN INSPECTION|POLYSILICON ETCH DRY|STRIP RESIST|CLEAN AFTER POLY ETCH|MEASURE GATE CD|IMPLANT CHANNEL STOP|PRE ANNEAL CHECK|RAPID THERMAL ANNEAL|MEASURE DEVICE PARAMETER|DEPOSIT INTERLEVEL DIELECTRIC|DENSIFY OXIDE|MEASURE DIELECTRIC THICKNESS|CMP INTERLAYER DIELECTRIC|MEASURE PLANARITY|SPIN COAT PHOTORESIST|SOFT BAKE|ALIGN MASK LEVEL 5|EXPOSE LITHO LEVEL 5|POST EXPOSE BAKE|DEVELOP PHOTORESIST|VIA INSPECTION|VIA ETCH THROUGH DIELECTRIC|STRIP PHOTORESIST|CLEAN AFTER VIA ETCH|DEPOSIT BARRIER METAL|DEPOSIT METAL SEED|FILL VIA METAL|CMP VIA FILL|DEPOSIT METAL 1|ANNEAL METAL 1|SPIN COAT PHOTORESIST|SOFT BAKE|ALIGN MASK LEVEL 6|EXPOSE LITHO LEVEL 6|POST EXPOSE BAKE|DEVELOP PHOTORESIST|METAL PATTERN INSPECTION|METAL ETCH DRY|STRIP RESIST|CLEAN AFTER METAL ETCH|MEASURE LINE WIDTH|DEPOSIT PASSIVATION|CURE PASSIVATION|MEASURE PASSIVATION QUALITY|OPEN PAD WINDOW|OPEN PAD WINDOW LITHO|DEVELOP PAD WINDOW|PASSIVATION ETCH PAD OPENING|STRIP RESIST|CLEAN PAD OPENING|MEASURE PAD OPENING|BACKSIDE GRIND|MEASURE WAFER THICKNESS|BACKSIDE ETCH CLEAN|BACKSIDE RINSE|BACKSIDE DRY|BACKSIDE METALLIZATION PREP|DEPOSIT BACKSIDE METAL|BACKSIDE ANNEAL|MEASURE BACKSIDE CONTACT|FINAL CLEAN|FINAL THICKNESS MEASURE|FINAL GEOMETRY CHECK|FINAL CD INSPECTION|FINAL PARTICLE INSPECTION|PARAMETRIC TEST|LEAKAGE TEST|BREAKDOWN VOLTAGE TEST|SWITCHING TEST|WAFER SORT TEST|YIELD ANALYSIS|FINAL LOT RELEASE|SHIP LOT
id_valid_0038,igbt,RECEIVE WAFER LOT|LOT IDENTIFICATION|INITIAL WAFER INSPECTION|MEASURE INITIAL THICKNESS|PRE CLEAN WAFER|BACKSIDE CLEAN|FRONTSIDE CLEAN|RCA CLEAN 1|WET CLEAN RCA2|HF DIP|EPITAXIAL WAFER CHECK|MEASURE EPITAXY THICKNESS|MEASURE RESISTIVITY|EPITAXIAL REWORK CHECK|EPITAXIAL LAYER PREP|THERMAL OXIDATION|MEASURE OXIDE THICKNESS|SPIN COAT PHOTORESIST|SOFT BAKE|ALIGN MASK LEVEL 1|EXPOSE LITHO LEVEL 1|DEVELOP PHOTORESIST|INSPECT PATTERN LEVEL 1|OXIDE ETCH DRY|STRIP RESIST|CLEAN AFTER OXIDE ETCH|MEASURE OPENING CD|IMPLANT P BODY|PRE ANNEAL CHECK|DRIVE IN DIFFUSION|RAPID THERMAL ANNEAL|THERMAL OXIDATION|SPIN COAT PHOTORESIST|SOFT BAKE|ALIGN MASK LEVEL 2|EXPOSE LITHO LEVEL 2|DEVELOP PHOTORESIST|P BODY WINDOW INSPECTION|ETCH SILICON OR OXIDE WINDOW|STRIP PHOTORESIST|CLEAN AFTER WINDOW ETCH|MEASURE WINDOW CD|IMPLANT N BUFFER|RAPID THERMAL ANNEAL|DEPOSIT FIELD OXIDE|DENSIFY OXIDE|SPIN COAT PHOTORESIST|SOFT BAKE|ALIGN MASK LEVEL 3|EXPOSE LITHO LEVEL 3|POST EXPOSE BAKE|DEVELOP PHOTORESIST|FIELD PATTERN INSPECTION|FIELD OXIDE ETCH|STRIP RESIST|CLEAN AFTER FIELD ETCH|IMPLANT SOURCE REGION|IMPLANT DRAIN / CATHODE REGION|PRE ANNEAL CHECK|RAPID THERMAL ANNEAL|MEASURE SHEET RESISTANCE|DEPOSIT GATE OXIDE OR DIELECTRIC|ANNEAL DIELECTRIC|MEASURE OXIDE QUALITY|DEPOSIT POLYSILICON|POLYSILICON ANNEAL|MEASURE POLY THICKNESS|SPIN COAT PHOTORESIST|SOFT BAKE|ALIGN MASK LEVEL 4|EXPOSE LITHO LEVEL 4|DEVELOP PHOTORESIST|POLY PATTERN INSPECTION|POLYSILICON ETCH DRY|STRIP RESIST|CLEAN AFTER POLY ETCH|MEASURE GATE CD|IMPLANT CHANNEL STOP|PRE ANNEAL CHECK|RAPID THERMAL ANNEAL|MEASURE DEVICE PARAMETER|DEPOSIT INTERLAYER DIELECTRIC|DENSIFY OXIDE|MEASURE FILM THICKNESS|CMP INTERLAYER DIELECTRIC|MEASURE SURFACE PLANARITY|SPIN COAT PHOTORESIST|SOFT BAKE|ALIGN MASK LEVEL 5|EXPOSE LITHO LEVEL 5|DEVELOP PHOTORESIST|VIA OPENING INSPECTION|VIA ETCH THROUGH DIELECTRIC|STRIP PHOTORESIST|CLEAN AFTER VIA ETCH|MEASURE VIA CD|DEPOSIT BARRIER METAL|DEPOSIT METAL SEED|FILL VIA METAL|CMP METAL|MEASURE VIA RESISTANCE|DEPOSIT TOP METAL|ANNEAL METAL 1|SPIN COAT PHOTORESIST|SOFT BAKE|ALIGN MASK LEVEL 6|EXPOSE LITHO LEVEL 6|DEVELOP PHOTORESIST|METAL PATTERN INSPECTION|METAL ETCH DRY|STRIP RESIST|CLEAN AFTER METAL ETCH|MEASURE LINE WIDTH|DEPOSIT PASSIVATION|CURE PASSIVATION|MEASURE PASSIVATION QUALITY|OPEN BOND PAD WINDOW|PAD WINDOW LITHO|DEVELOP PHOTORESIST|PASSIVATION ETCH|STRIP PHOTORESIST|CLEAN PAD OPENING|MEASURE PAD OPENING|BACKSIDE GRIND|MEASURE WAFER THICKNESS|BACKSIDE ETCH CLEAN|BACKSIDE RINSE|BACKSIDE DRY|BACKSIDE METALLIZATION PREP|DEPOSIT BACKSIDE METAL|BACKSIDE ANNEAL|MEASURE BACKSIDE CONTACT|FINAL CLEAN|FINAL THICKNESS MEASURE|FINAL GEOMETRY CHECK|FINAL CD INSPECTION|PARAMETRIC TEST|LEAKAGE TEST|BREAKDOWN VOLTAGE TEST|SWITCHING TEST|YIELD ANALYSIS|WAFER SORT TEST|LOT RELEASE|SHIP LOT
id_valid_0001,igbt,RECEIVE WAFER LOT|LOT IDENTIFICATION|INITIAL WAFER INSPECTION|MEASURE SURFACE PARTICLES|PRE CLEAN WAFER|BACKSIDE CLEAN|FRONTSIDE CLEAN|WET CLEAN RCA1|WET CLEAN RCA2|HF DIP|EPITAXIAL WAFER CHECK|MEASURE EPITAXY THICKNESS|MEASURE RESISTIVITY|EPITAXIAL LAYER PREP|THERMAL OXIDATION|MEASURE OXIDE THICKNESS|SPIN COAT PHOTORESIST|SOFT BAKE|ALIGN MASK LEVEL 1|EXPOSE LITHO LEVEL 1|DEVELOP PHOTORESIST|INSPECT PATTERN LEVEL 1|OXIDE ETCH DRY|STRIP RESIST|CLEAN AFTER OXIDE ETCH|IMPLANT P BODY|PRE ANNEAL CHECK|DRIVE IN DIFFUSION|RAPID THERMAL ANNEAL|MEASURE JUNCTION DEPTH|THERMAL OXIDATION|SPIN COAT PHOTORESIST|SOFT BAKE|ALIGN MASK LEVEL 2|EXPOSE LITHO LEVEL 2|POST EXPOSE BAKE|DEVELOP PHOTORESIST|P BODY WINDOW INSPECTION|ETCH SILICON OR OXIDE WINDOW|STRIP PHOTORESIST|CLEAN AFTER WINDOW ETCH|IMPLANT N BUFFER|RAPID THERMAL ANNEAL|MEASURE SHEET RESISTANCE|DEPOSIT FIELD OXIDE|DENSIFY OXIDE|MEASURE FILM THICKNESS|SPIN COAT PHOTORESIST|SOFT BAKE|ALIGN MASK LEVEL 3|EXPOSE LITHO LEVEL 3|DEVELOP PHOTORESIST|FIELD PATTERN INSPECTION|HARD BAKE|FIELD OXIDE ETCH|STRIP RESIST|CLEAN AFTER FIELD ETCH|MEASURE SURFACE UNIFORMITY|IMPLANT SOURCE REGION|IMPLANT DRAIN / CATHODE REGION|PRE ANNEAL CHECK|RAPID THERMAL ANNEAL|MEASURE SHEET RESISTANCE|DEPOSIT GATE OXIDE OR DIELECTRIC|ANNEAL DIELECTRIC|DEPOSIT POLYSILICON|POLYSILICON ANNEAL|MEASURE POLY THICKNESS|SPIN COAT PHOTORESIST|SOFT BAKE|ALIGN MASK LEVEL 4|EXPOSE LITHO LEVEL 4|DEVELOP PHOTORESIST|POLY PATTERN INSPECTION|HARD BAKE|POLYSILICON ETCH DRY|STRIP RESIST|CLEAN AFTER POLY ETCH|MEASURE GATE CD|IMPLANT CHANNEL STOP|PRE ANNEAL CHECK|RAPID THERMAL ANNEAL|DEPOSIT INTERLAYER DIELECTRIC|DENSIFY OXIDE|MEASURE DIELECTRIC THICKNESS|CMP INTERLAYER DIELECTRIC|MEASURE PLANARITY|SPIN COAT PHOTORESIST|SOFT BAKE|ALIGN MASK LEVEL 5|EXPOSE LITHO LEVEL 5|DEVELOP PHOTORESIST|VIA INSPECTION|VIA ETCH THROUGH DIELECTRIC|STRIP RESIST|CLEAN AFTER VIA ETCH|MEASURE VIA CD|DEPOSIT BARRIER METAL|DEPOSIT METAL SEED|FILL VIA METAL|CMP VIA FILL|MEASURE VIA RESISTANCE|DEPOSIT METAL 1|ANNEAL METAL 1|MEASURE METAL THICKNESS|SPIN COAT PHOTORESIST|SOFT BAKE|ALIGN MASK LEVEL 6|EXPOSE LITHO LEVEL 6|DEVELOP PHOTORESIST|METAL PATTERN INSPECTION|METAL ETCH DRY|STRIP PHOTORESIST|CLEAN AFTER METAL ETCH|MEASURE LINE WIDTH|DEPOSIT PASSIVATION|CURE PASSIVATION|MEASURE PASSIVATION THICKNESS|OPEN BOND PAD WINDOW|PAD WINDOW LITHO|DEVELOP PAD WINDOW|PASSIVATION ETCH|STRIP RESIST|CLEAN PAD OPENING|MEASURE PAD OPENING|BACKSIDE GRIND|MEASURE THICKNESS|BACKSIDE ETCH CLEAN|BACKSIDE RINSE|BACKSIDE DRY|BACKSIDE METALLIZATION PREP|DEPOSIT BACKSIDE METAL|BACKSIDE ANNEAL|MEASURE BACKSIDE CONTACT|FINAL CLEAN|FINAL GEOMETRY CHECK|FINAL CD INSPECTION|FINAL PARTICLE INSPECTION|ELECTRICAL PARAMETRIC TEST|LEAKAGE TEST|BREAKDOWN VOLTAGE TEST|SWITCHING TEST|WAFER SORT TEST|YIELD ANALYSIS|FINAL LOT RELEASE|SHIP LOT
id_valid_0029,igbt,RECEIVE WAFER LOT|LOT IDENTIFICATION|INITIAL WAFER INSPECTION|PRE CLEAN WAFER|BACKSIDE CLEAN|FRONTSIDE CLEAN|WET CLEAN RCA1|WET CLEAN RCA2|HF DIP|EPITAXIAL WAFER CHECK|MEASURE EPITAXY THICKNESS|MEASURE RESISTIVITY|EPITAXIAL REWORK CHECK|EPITAXIAL LAYER PREP|THERMAL OXIDATION|MEASURE OXIDE THICKNESS|SPIN COAT PHOTORESIST|SOFT BAKE|ALIGN MASK LEVEL 1|EXPOSE LITHO LEVEL 1|DEVELOP PHOTORESIST|INSPECT PATTERN LEVEL 1|HARD BAKE|OXIDE ETCH DRY|STRIP PHOTORESIST|CLEAN AFTER OXIDE ETCH|MEASURE OPENING CD|IMPLANT P BODY|DRIVE IN DIFFUSION|RAPID THERMAL ANNEAL|MEASURE JUNCTION DEPTH|THERMAL OXIDATION|SPIN COAT PHOTORESIST|SOFT BAKE|ALIGN MASK LEVEL 2|EXPOSE LITHO LEVEL 2|DEVELOP PHOTORESIST|P BODY WINDOW INSPECTION|ETCH SILICON OR OXIDE WINDOW|STRIP PHOTORESIST|CLEAN AFTER WINDOW ETCH|IMPLANT N BUFFER|RAPID THERMAL ANNEAL|MEASURE SHEET RESISTANCE|DEPOSIT FIELD OXIDE|DENSIFY OXIDE|MEASURE FILM THICKNESS|SPIN COAT PHOTORESIST|SOFT BAKE|ALIGN MASK LEVEL 3|EXPOSE LITHO LEVEL 3|DEVELOP PHOTORESIST|FIELD PATTERN INSPECTION|HARD BAKE|FIELD OXIDE ETCH|STRIP PHOTORESIST|CLEAN AFTER FIELD ETCH|MEASURE SURFACE UNIFORMITY|IMPLANT SOURCE REGION|IMPLANT DRAIN / CATHODE REGION|PRE ANNEAL CHECK|RAPID THERMAL ANNEAL|DEPOSIT GATE OXIDE OR DIELECTRIC|ANNEAL DIELECTRIC|MEASURE OXIDE QUALITY|DEPOSIT POLYSILICON|POLYSILICON ANNEAL|MEASURE POLY THICKNESS|SPIN COAT PHOTORESIST|SOFT BAKE|ALIGN MASK LEVEL 4|EXPOSE LITHO LEVEL 4|POST EXPOSE BAKE|DEVELOP PHOTORESIST|POLY PATTERN INSPECTION|POLYSILICON ETCH DRY|STRIP PHOTORESIST|CLEAN AFTER POLY ETCH|IMPLANT CHANNEL STOP|PRE ANNEAL CHECK|RAPID THERMAL ANNEAL|DEPOSIT INTERLAYER DIELECTRIC|DENSIFY OXIDE|MEASURE DIELECTRIC THICKNESS|CMP INTERLAYER DIELECTRIC|MEASURE PLANARITY|SPIN COAT PHOTORESIST|SOFT BAKE|ALIGN MASK LEVEL 5|EXPOSE LITHO LEVEL 5|DEVELOP PHOTORESIST|VIA INSPECTION|VIA ETCH|STRIP RESIST|CLEAN AFTER VIA ETCH|MEASURE VIA CD|DEPOSIT BARRIER METAL|DEPOSIT METAL SEED|FILL VIA METAL|CMP VIA FILL|MEASURE CONTACT RESISTANCE|DEPOSIT TOP METAL|ANNEAL METAL|MEASURE METAL THICKNESS|SPIN COAT PHOTORESIST|SOFT BAKE|ALIGN MASK LEVEL 6|EXPOSE LITHO LEVEL 6|DEVELOP PHOTORESIST|METAL PATTERN INSPECTION|METAL ETCH DRY|STRIP RESIST|CLEAN AFTER METAL ETCH|MEASURE LINE WIDTH|DEPOSIT PASSIVATION|CURE PASSIVATION|MEASURE PASSIVATION QUALITY|OPEN BOND PAD WINDOW|PAD WINDOW LITHO|DEVELOP PAD WINDOW|PASSIVATION ETCH|STRIP RESIST|CLEAN PAD OPENING|MEASURE PAD OPENING|BACKSIDE GRIND|MEASURE WAFER THICKNESS|BACKSIDE ETCH CLEAN|BACKSIDE RINSE|BACKSIDE DRY|BACKSIDE METALLIZATION PREP|DEPOSIT BACKSIDE METAL|BACKSIDE ANNEAL|MEASURE BACKSIDE CONTACT|FINAL CLEAN|FINAL GEOMETRY CHECK|FINAL CD INSPECTION|FINAL PARTICLE INSPECTION|PARAMETRIC TEST|LEAKAGE TEST|BREAKDOWN VOLTAGE TEST|SWITCHING TEST|YIELD ANALYSIS|WAFER SORT TEST|LOT RELEASE|SHIP LOT
id_forb_0023,mosfet,RECEIVE WAFER LOT|LOT IDENTIFICATION|INITIAL WAFER INSPECTION|MEASURE THICKNESS|MEASURE SURFACE PARTICLES|PRE CLEAN WAFER|WET CLEAN RCA1|RCA CLEAN 2|HF DIP|DRY WAFER|SUBSTRATE CHECK|EPITAXY PREP|EPITAXIAL DEPOSITION|MEASURE EPITAXY THICKNESS|MEASURE RESISTIVITY|EPITAXY ANNEAL|WAFER SURFACE CLEAN|THERMAL OXIDATION|MEASURE OXIDE THICKNESS|SPIN COAT PHOTORESIST|SOFT BAKE|ALIGN MASK LEVEL 1|EXPOSE LITHO LEVEL 1|POST EXPOSE BAKE|DEVELOP PHOTORESIST|PATTERN INSPECTION LEVEL 1|HARD BAKE|OXIDE ETCH|STRIP PHOTORESIST|CLEAN AFTER ETCH|IMPLANT WELL|DRIVE IN DIFFUSION|RAPID THERMAL ANNEAL|MEASURE JUNCTION DEPTH|THERMAL OXIDATION|GATE OXIDE PREP|GATE OXIDE GROWTH|MEASURE GATE OXIDE THICKNESS|DEPOSIT POLYSILICON|POLYSILICON ANNEAL|SPIN COAT PHOTORESIST|SOFT BAKE|ALIGN MASK LEVEL 2|EXPOSE LITHO LEVEL 2|DEVELOP PHOTORESIST|POLY PATTERN INSPECTION|POLYSILICON ETCH|STRIP PHOTORESIST|CLEAN AFTER POLY ETCH|MEASURE GATE CD|IMPLANT SOURCE DRAIN|LIGHT ANNEAL|DEPOSIT SPACER DIELECTRIC|ANISOTROPIC ETCH SPACER|MEASURE SPACER WIDTH|IMPLANT LDD|RAPID THERMAL ANNEAL|MEASURE JUNCTION PROFILE|DEPOSIT INTERLEVEL DIELECTRIC|DENSIFY OXIDE|MEASURE FILM THICKNESS|CMP DIELECTRIC|MEASURE SURFACE PLANARITY|SPIN COAT PHOTORESIST|SOFT BAKE|ALIGN MASK LEVEL 3|EXPOSE LITHO LEVEL 3|DEVELOP PHOTORESIST|VIA OPENING INSPECTION|VIA ETCH|STRIP RESIST|CLEAN AFTER VIA ETCH|MEASURE VIA CD|DEPOSIT BARRIER METAL|DEPOSIT METAL SEED|FILL VIA METAL|CMP VIA FILL|MEASURE VIA RESISTANCE|DEPOSIT METAL 1|ANNEAL METAL|MEASURE METAL THICKNESS|SPIN COAT PHOTORESIST|SOFT BAKE|ALIGN MASK LEVEL 5|EXPOSE LITHO LEVEL 4|DEVELOP PHOTORESIST|METAL PATTERN INSPECTION|METAL ETCH|STRIP RESIST|CLEAN AFTER METAL ETCH|MEASURE LINE WIDTH|DEPOSIT PASSIVATION|CURE PASSIVATION|MEASURE PASSIVATION THICKNESS|OPEN PAD WINDOW|OPEN PAD WINDOW LITHO|DEVELOP PHOTORESIST|PASSIVATION ETCH PAD OPENING|STRIP PHOTORESIST|CLEAN PAD OPENING|MEASURE PAD OPENING|BACKSIDE CLEAN|BACKSIDE GRIND|MEASURE THICKNESS|BACKSIDE ETCH CLEAN|BACKSIDE RINSE|BACKSIDE DRY|BACKSIDE METALLIZATION PREP|DEPOSIT BACKSIDE METAL|BACKSIDE ANNEAL|MEASURE BACKSIDE CONTACT|FINAL CLEAN|FINAL THICKNESS MEASURE|FINAL GEOMETRY CHECK|FINAL CD INSPECTION|FINAL PARTICLE INSPECTION|PARAMETRIC TEST|LEAKAGE TEST|THRESHOLD VOLTAGE TEST|SWITCHING TEST|WAFER SORT TEST|YIELD ANALYSIS|LOT RELEASE|SHIP LOT
id_valid_0036,igbt,RECEIVE WAFER LOT|LOT IDENTIFICATION|INITIAL WAFER INSPECTION|MEASURE INITIAL THICKNESS|MEASURE SURFACE PARTICLES|PRE CLEAN WAFER|BACKSIDE CLEAN|FRONTSIDE CLEAN|WET CLEAN RCA1|WET CLEAN RCA2|HF DIP|DRY WAFER|EPITAXIAL WAFER CHECK|MEASURE EPITAXY THICKNESS|MEASURE RESISTIVITY|EPITAXIAL REWORK CHECK|EPITAXIAL LAYER PREP|THERMAL OXIDATION|MEASURE OXIDE THICKNESS|SPIN COAT PHOTORESIST|SOFT BAKE|ALIGN MASK LEVEL 1|EXPOSE LITHO LEVEL 1|POST EXPOSE BAKE|DEVELOP PHOTORESIST|INSPECT PATTERN LEVEL 1|HARD BAKE|OXIDE ETCH DRY|STRIP PHOTORESIST|CLEAN AFTER OXIDE ETCH|MEASURE OPENING CD|IMPLANT P BODY|PRE ANNEAL CHECK|DRIVE IN DIFFUSION|RAPID THERMAL ANNEAL|THERMAL OXIDATION|SPIN COAT PHOTORESIST|SOFT BAKE|ALIGN MASK LEVEL 2|EXPOSE LITHO LEVEL 2|DEVELOP PHOTORESIST|P BODY WINDOW INSPECTION|ETCH SILICON OR OXIDE WINDOW|STRIP PHOTORESIST|CLEAN AFTER WINDOW ETCH|IMPLANT N BUFFER|PRE ANNEAL CHECK|RAPID THERMAL ANNEAL|MEASURE SHEET RESISTANCE|EPITAXIAL REWORK CHECK|DEPOSIT FIELD OXIDE|DENSIFY OXIDE|MEASURE FILM THICKNESS|SPIN COAT PHOTORESIST|SOFT BAKE|ALIGN MASK LEVEL 3|EXPOSE LITHO LEVEL 3|POST EXPOSE BAKE|DEVELOP PHOTORESIST|FIELD PATTERN INSPECTION|FIELD OXIDE ETCH|STRIP RESIST|CLEAN AFTER FIELD ETCH|MEASURE SURFACE UNIFORMITY|IMPLANT SOURCE REGION|IMPLANT DRAIN / CATHODE REGION|PRE ANNEAL CHECK|RAPID THERMAL ANNEAL|MEASURE SHEET RESISTANCE|DEPOSIT GATE OXIDE OR DIELECTRIC|ANNEAL DIELECTRIC|MEASURE OXIDE QUALITY|DEPOSIT POLYSILICON|POLYSILICON ANNEAL|MEASURE POLY THICKNESS|SPIN COAT PHOTORESIST|SOFT BAKE|ALIGN MASK LEVEL 4|EXPOSE LITHO LEVEL 4|POST EXPOSE BAKE|DEVELOP PHOTORESIST|POLY PATTERN INSPECTION|POLYSILICON ETCH DRY|STRIP RESIST|CLEAN AFTER POLY ETCH|MEASURE GATE CD|IMPLANT CHANNEL STOP|RAPID THERMAL ANNEAL|MEASURE DEVICE PARAMETER|DEPOSIT INTERLEVEL DIELECTRIC|DENSIFY OXIDE|MEASURE FILM THICKNESS|CMP DIELECTRIC|MEASURE SURFACE PLANARITY|SPIN COAT PHOTORESIST|SOFT BAKE|ALIGN MASK LEVEL 5|EXPOSE LITHO LEVEL 5|DEVELOP PHOTORESIST|VIA INSPECTION|VIA ETCH THROUGH DIELECTRIC|STRIP PHOTORESIST|CLEAN AFTER VIA ETCH|MEASURE VIA CD|DEPOSIT BARRIER METAL|DEPOSIT METAL SEED|FILL VIA METAL|CMP METAL|MEASURE CONTACT RESISTANCE|DEPOSIT TOP METAL|ANNEAL METAL|MEASURE METAL THICKNESS|SPIN COAT PHOTORESIST|SOFT BAKE|ALIGN MASK LEVEL 6|EXPOSE LITHO LEVEL 6|DEVELOP PHOTORESIST|METAL PATTERN INSPECTION|METAL ETCH DRY|STRIP PHOTORESIST|CLEAN AFTER METAL ETCH|DEPOSIT PASSIVATION LAYER|CURE PASSIVATION|MEASURE PASSIVATION QUALITY|OPEN PAD WINDOW|OPEN PAD WINDOW LITHO|DEVELOP PHOTORESIST|PASSIVATION ETCH PAD OPENING|STRIP RESIST|CLEAN PAD OPENING|MEASURE PAD OPENING|BACKSIDE GRIND|MEASURE THICKNESS|BACKSIDE ETCH CLEAN|BACKSIDE RINSE|BACKSIDE DRY|BACKSIDE METALLIZATION PREP|DEPOSIT BACKSIDE METAL|BACKSIDE ANNEAL|MEASURE BACKSIDE CONTACT|FINAL CLEAN|FINAL THICKNESS MEASURE|PARAMETRIC TEST|LEAKAGE TEST|BREAKDOWN VOLTAGE TEST|SWITCHING TEST|WAFER SORT TEST|YIELD ANALYSIS|LOT RELEASE|SHIP LOT
id_valid_0030,mosfet,RECEIVE WAFER LOT|LOT IDENTIFICATION|INITIAL WAFER INSPECTION|MEASURE THICKNESS|MEASURE SURFACE PARTICLES|PRE CLEAN WAFER|BACKSIDE CLEAN|RCA CLEAN 1|RCA CLEAN 2|HF DIP|DRY WAFER|SUBSTRATE CHECK|EPITAXY PREP|EPITAXIAL DEPOSITION|MEASURE EPITAXY THICKNESS|MEASURE RESISTIVITY|EPITAXY ANNEAL|WAFER SURFACE CLEAN|THERMAL OXIDATION|MEASURE OXIDE THICKNESS|SPIN COAT PHOTORESIST|SOFT BAKE|ALIGN MASK LEVEL 1|EXPOSE LITHO LEVEL 1|DEVELOP PHOTORESIST|PATTERN INSPECTION LEVEL 1|HARD BAKE|OXIDE ETCH|STRIP PHOTORESIST|CLEAN AFTER ETCH|MEASURE OPENING CD|IMPLANT WELL|PRE ANNEAL CHECK|DRIVE IN DIFFUSION|RAPID THERMAL ANNEAL|MEASURE JUNCTION DEPTH|THERMAL OXIDATION|GATE OXIDE PREP|GATE OXIDE GROWTH|MEASURE GATE OXIDE THICKNESS|DEPOSIT POLYSILICON|POLYSILICON ANNEAL|MEASURE POLY THICKNESS|SPIN COAT PHOTORESIST|SOFT BAKE|ALIGN MASK LEVEL 2|EXPOSE LITHO LEVEL 2|POST EXPOSE BAKE|DEVELOP PHOTORESIST|POLY PATTERN INSPECTION|POLYSILICON ETCH|STRIP RESIST|CLEAN AFTER POLY ETCH|IMPLANT SOURCE DRAIN|PRE ANNEAL CHECK|LIGHT ANNEAL|DEPOSIT SPACER DIELECTRIC|ANISOTROPIC ETCH SPACER|MEASURE SPACER WIDTH|IMPLANT LDD|PRE ANNEAL CHECK|RAPID THERMAL ANNEAL|DEPOSIT INTERLAYER DIELECTRIC|DENSIFY OXIDE|MEASURE DIELECTRIC THICKNESS|CMP INTERLAYER DIELECTRIC|MEASURE PLANARITY|SPIN COAT PHOTORESIST|SOFT BAKE|ALIGN MASK LEVEL 3|EXPOSE LITHO LEVEL 3|DEVELOP PHOTORESIST|VIA INSPECTION|DIELECTRIC ETCH VIA|STRIP PHOTORESIST|CLEAN AFTER VIA ETCH|MEASURE VIA CD|DEPOSIT BARRIER METAL|DEPOSIT METAL SEED|FILL VIA METAL|CMP METAL|DEPOSIT METAL 1|ANNEAL METAL|SPIN COAT PHOTORESIST|SOFT BAKE|ALIGN MASK LEVEL 4|EXPOSE LITHO LEVEL 4|DEVELOP PHOTORESIST|METAL PATTERN INSPECTION|METAL ETCH|STRIP PHOTORESIST|CLEAN AFTER METAL ETCH|MEASURE LINE WIDTH|DEPOSIT PASSIVATION LAYER|CURE PASSIVATION|MEASURE PASSIVATION QUALITY|OPEN PAD WINDOW|PAD WINDOW LITHO|DEVELOP PHOTORESIST|PASSIVATION ETCH PAD OPENING|STRIP RESIST|CLEAN PAD OPENING|MEASURE PAD OPENING|BACKSIDE CLEAN|BACKSIDE GRIND|MEASURE WAFER THICKNESS|BACKSIDE ETCH CLEAN|BACKSIDE RINSE|BACKSIDE DRY|BACKSIDE METALLIZATION PREP|DEPOSIT BACKSIDE METAL|BACKSIDE ANNEAL|MEASURE BACKSIDE CONTACT|FINAL CLEAN|FINAL THICKNESS MEASURE|FINAL GEOMETRY CHECK|FINAL PARTICLE INSPECTION|ELECTRICAL PARAMETRIC TEST|LEAKAGE TEST|THRESHOLD VOLTAGE TEST|SWITCHING TEST|WAFER SORT TEST|YIELD ANALYSIS|LOT RELEASE|SHIP LOT
id_valid_0006,mosfet,RECEIVE WAFER LOT|LOT IDENTIFICATION|INITIAL WAFER INSPECTION|MEASURE THICKNESS|MEASURE SURFACE PARTICLES|PRE CLEAN WAFER|RCA CLEAN 1|RCA CLEAN 2|HF DIP|SUBSTRATE CHECK|EPITAXY PREP|EPITAXIAL DEPOSITION|MEASURE EPITAXY THICKNESS|MEASURE RESISTIVITY|EPITAXY ANNEAL|WAFER SURFACE CLEAN|THERMAL OXIDATION|MEASURE OXIDE THICKNESS|SPIN COAT PHOTORESIST|SOFT BAKE|ALIGN MASK LEVEL 1|EXPOSE LITHO LEVEL 1|DEVELOP PHOTORESIST|PATTERN INSPECTION LEVEL 1|HARD BAKE|OXIDE ETCH|STRIP PHOTORESIST|CLEAN AFTER ETCH|MEASURE OPENING CD|IMPLANT WELL|PRE ANNEAL CHECK|DRIVE IN DIFFUSION|RAPID THERMAL ANNEAL|THERMAL OXIDATION|GATE OXIDE PREP|GATE OXIDE GROWTH|MEASURE GATE OXIDE THICKNESS|DEPOSIT POLYSILICON|POLYSILICON ANNEAL|MEASURE POLY THICKNESS|SPIN COAT PHOTORESIST|SOFT BAKE|ALIGN MASK LEVEL 2|EXPOSE LITHO LEVEL 2|DEVELOP PHOTORESIST|POLY PATTERN INSPECTION|POLYSILICON ETCH|STRIP RESIST|CLEAN AFTER POLY ETCH|IMPLANT SOURCE DRAIN|PRE ANNEAL CHECK|LIGHT ANNEAL|MEASURE SHEET RESISTANCE|DEPOSIT SPACER DIELECTRIC|ANISOTROPIC ETCH SPACER|MEASURE SPACER WIDTH|IMPLANT LDD|RAPID THERMAL ANNEAL|DEPOSIT INTERLAYER DIELECTRIC|DENSIFY DIELECTRIC|MEASURE DIELECTRIC THICKNESS|CMP DIELECTRIC|MEASURE PLANARITY|SPIN COAT PHOTORESIST|SOFT BAKE|ALIGN MASK LEVEL 3|EXPOSE LITHO LEVEL 3|DEVELOP PHOTORESIST|VIA OPENING INSPECTION|VIA ETCH|STRIP PHOTORESIST|CLEAN AFTER VIA ETCH|MEASURE VIA CD|DEPOSIT BARRIER METAL|DEPOSIT METAL SEED|FILL VIA METAL|CMP METAL|MEASURE CONTACT RESISTANCE|DEPOSIT METAL 1|ANNEAL METAL 1|SPIN COAT PHOTORESIST|SOFT BAKE|ALIGN MASK LEVEL 4|EXPOSE LITHO LEVEL 4|DEVELOP PHOTORESIST|METAL PATTERN INSPECTION|METAL ETCH|STRIP RESIST|CLEAN AFTER METAL ETCH|MEASURE LINE WIDTH|DEPOSIT PASSIVATION|CURE PASSIVATION|MEASURE PASSIVATION THICKNESS|OPEN PAD WINDOW|PAD WINDOW LITHO|DEVELOP PHOTORESIST|PASSIVATION ETCH|STRIP RESIST|CLEAN PAD OPENING|MEASURE PAD OPENING|BACKSIDE CLEAN|BACKSIDE GRIND|MEASURE THICKNESS|BACKSIDE ETCH CLEAN|BACKSIDE RINSE|BACKSIDE DRY|BACKSIDE METALLIZATION PREP|DEPOSIT BACKSIDE METAL|BACKSIDE ANNEAL|MEASURE BACKSIDE CONTACT|FINAL CLEAN|FINAL THICKNESS MEASURE|FINAL PARTICLE INSPECTION|PARAMETRIC TEST|LEAKAGE TEST|THRESHOLD VOLTAGE TEST|SWITCHING TEST|WAFER SORT TEST|YIELD ANALYSIS|LOT RELEASE|SHIP LOT
id_valid_0004,mosfet,RECEIVE WAFER LOT|LOT IDENTIFICATION|INITIAL WAFER INSPECTION|MEASURE SURFACE PARTICLES|PRE CLEAN WAFER|WET CLEAN RCA1|WET CLEAN RCA2|HF DIP|SUBSTRATE CHECK|EPITAXY PREP|EPITAXIAL DEPOSITION|MEASURE EPITAXY THICKNESS|MEASURE RESISTIVITY|EPITAXY ANNEAL|WAFER SURFACE CLEAN|THERMAL OXIDATION|MEASURE OXIDE THICKNESS|SPIN COAT PHOTORESIST|SOFT BAKE|ALIGN MASK LEVEL 1|EXPOSE LITHO LEVEL 1|DEVELOP PHOTORESIST|PATTERN INSPECTION LEVEL 1|OXIDE ETCH|STRIP PHOTORESIST|CLEAN AFTER ETCH|MEASURE OPENING CD|IMPLANT WELL|DRIVE IN DIFFUSION|RAPID THERMAL ANNEAL|MEASURE JUNCTION DEPTH|THERMAL OXIDATION|GATE OXIDE PREP|GATE OXIDE GROWTH|MEASURE GATE OXIDE THICKNESS|DEPOSIT POLYSILICON|POLYSILICON ANNEAL|MEASURE POLY THICKNESS|SPIN COAT PHOTORESIST|SOFT BAKE|ALIGN MASK LEVEL 2|EXPOSE LITHO LEVEL 2|DEVELOP PHOTORESIST|POLY PATTERN INSPECTION|HARD BAKE|POLYSILICON ETCH|STRIP PHOTORESIST|CLEAN AFTER POLY ETCH|MEASURE GATE CD|IMPLANT SOURCE DRAIN|PRE ANNEAL CHECK|LIGHT ANNEAL|MEASURE SHEET RESISTANCE|DEPOSIT SPACER DIELECTRIC|ANISOTROPIC ETCH SPACER|IMPLANT LDD|RAPID THERMAL ANNEAL|DEPOSIT INTERLAYER DIELECTRIC|DENSIFY DIELECTRIC|MEASURE DIELECTRIC THICKNESS|CMP DIELECTRIC|MEASURE PLANARITY|SPIN COAT PHOTORESIST|SOFT BAKE|ALIGN MASK LEVEL 3|EXPOSE LITHO LEVEL 3|POST EXPOSE BAKE|DEVELOP PHOTORESIST|VIA OPENING INSPECTION|HARD BAKE|VIA ETCH|STRIP PHOTORESIST|CLEAN AFTER VIA ETCH|MEASURE VIA CD|DEPOSIT BARRIER METAL|DEPOSIT METAL SEED|FILL VIA METAL|CMP METAL|MEASURE VIA RESISTANCE|DEPOSIT METAL 1|ANNEAL METAL|MEASURE METAL THICKNESS|SPIN COAT PHOTORESIST|SOFT BAKE|ALIGN MASK LEVEL 4|EXPOSE LITHO LEVEL 4|DEVELOP PHOTORESIST|METAL PATTERN INSPECTION|HARD BAKE|METAL ETCH|STRIP RESIST|CLEAN AFTER METAL ETCH|DEPOSIT PASSIVATION|CURE PASSIVATION|MEASURE PASSIVATION QUALITY|OPEN PAD WINDOW|PAD WINDOW LITHO|DEVELOP PHOTORESIST|PASSIVATION ETCH|STRIP PHOTORESIST|CLEAN PAD OPENING|MEASURE PAD OPENING|BACKSIDE CLEAN|BACKSIDE GRIND|MEASURE THICKNESS|BACKSIDE ETCH CLEAN|BACKSIDE RINSE|BACKSIDE DRY|BACKSIDE METALLIZATION PREP|DEPOSIT BACKSIDE METAL|BACKSIDE ANNEAL|MEASURE BACKSIDE CONTACT|FINAL CLEAN|FINAL GEOMETRY CHECK|FINAL PARTICLE INSPECTION|PARAMETRIC TEST|LEAKAGE TEST|THRESHOLD VOLTAGE TEST|SWITCHING TEST|WAFER SORT TEST|YIELD ANALYSIS|FINAL LOT RELEASE|SHIP LOT
id_forb_0001,mosfet,RECEIVE WAFER LOT|IMPLANT SOURCE DRAIN|LOT IDENTIFICATION|INITIAL WAFER INSPECTION|MEASURE THICKNESS|MEASURE SURFACE PARTICLES|PRE CLEAN WAFER|BACKSIDE CLEAN|RCA CLEAN 1|WET CLEAN RCA2|HF DIP|DRY WAFER|SUBSTRATE CHECK|EPITAXY PREP|EPITAXIAL DEPOSITION|MEASURE EPITAXY THICKNESS|MEASURE RESISTIVITY|EPITAXY ANNEAL|WAFER SURFACE CLEAN|THERMAL OXIDATION|MEASURE OXIDE THICKNESS|SPIN COAT PHOTORESIST|SOFT BAKE|ALIGN MASK LEVEL 1|EXPOSE LITHO LEVEL 1|DEVELOP PHOTORESIST|PATTERN INSPECTION LEVEL 1|OXIDE ETCH|STRIP RESIST|CLEAN AFTER ETCH|IMPLANT WELL|PRE ANNEAL CHECK|DRIVE IN DIFFUSION|RAPID THERMAL ANNEAL|MEASURE JUNCTION DEPTH|THERMAL OXIDATION|GATE OXIDE PREP|GATE OXIDE GROWTH|MEASURE GATE OXIDE THICKNESS|DEPOSIT POLYSILICON|POLYSILICON ANNEAL|MEASURE POLY THICKNESS|SPIN COAT PHOTORESIST|SOFT BAKE|ALIGN MASK LEVEL 2|EXPOSE LITHO LEVEL 2|DEVELOP PHOTORESIST|POLY PATTERN INSPECTION|POLYSILICON ETCH|STRIP RESIST|CLEAN AFTER POLY ETCH|MEASURE GATE CD|PRE ANNEAL CHECK|LIGHT ANNEAL|DEPOSIT SPACER DIELECTRIC|ANISOTROPIC ETCH SPACER|MEASURE SPACER WIDTH|IMPLANT LDD|RAPID THERMAL ANNEAL|MEASURE JUNCTION PROFILE|DEPOSIT INTERLAYER DIELECTRIC|DENSIFY OXIDE|MEASURE FILM THICKNESS|CMP INTERLAYER DIELECTRIC|MEASURE SURFACE PLANARITY|SPIN COAT PHOTORESIST|SOFT BAKE|ALIGN MASK LEVEL 3|EXPOSE LITHO LEVEL 3|DEVELOP PHOTORESIST|VIA INSPECTION|VIA ETCH|STRIP PHOTORESIST|CLEAN AFTER VIA ETCH|DEPOSIT BARRIER METAL|DEPOSIT METAL SEED|FILL VIA METAL|CMP METAL|MEASURE CONTACT RESISTANCE|DEPOSIT METAL 1|ANNEAL METAL|SPIN COAT PHOTORESIST|SOFT BAKE|ALIGN MASK LEVEL 4|EXPOSE LITHO LEVEL 4|POST EXPOSE BAKE|DEVELOP PHOTORESIST|METAL PATTERN INSPECTION|METAL ETCH|STRIP RESIST|CLEAN AFTER METAL ETCH|MEASURE LINE WIDTH|DEPOSIT PASSIVATION LAYER|CURE PASSIVATION|MEASURE PASSIVATION QUALITY|OPEN BOND PAD WINDOW|PAD WINDOW LITHO|DEVELOP PHOTORESIST|PASSIVATION ETCH|STRIP RESIST|CLEAN PAD OPENING|MEASURE PAD OPENING|BACKSIDE CLEAN|BACKSIDE GRIND|MEASURE WAFER THICKNESS|BACKSIDE ETCH CLEAN|BACKSIDE RINSE|BACKSIDE DRY|BACKSIDE METALLIZATION PREP|DEPOSIT BACKSIDE METAL|BACKSIDE ANNEAL|MEASURE BACKSIDE CONTACT|FINAL CLEAN|FINAL THICKNESS MEASURE|FINAL GEOMETRY CHECK|FINAL CD INSPECTION|FINAL PARTICLE INSPECTION|PARAMETRIC TEST|LEAKAGE TEST|THRESHOLD VOLTAGE TEST|SWITCHING TEST|WAFER SORT TEST|YIELD ANALYSIS|LOT RELEASE|SHIP LOT
id_valid_0027,igbt,RECEIVE WAFER LOT|LOT IDENTIFICATION|PRE CLEAN INSPECTION|MEASURE INITIAL THICKNESS|MEASURE SURFACE PARTICLES|PRE CLEAN WAFER|BACKSIDE CLEAN|FRONTSIDE CLEAN|WET CLEAN RCA1|WET CLEAN RCA2|HF DIP|DRY WAFER|EPITAXIAL WAFER CHECK|MEASURE EPITAXY THICKNESS|MEASURE RESISTIVITY|EPITAXIAL LAYER PREP|THERMAL OXIDATION|MEASURE OXIDE THICKNESS|SPIN COAT PHOTORESIST|SOFT BAKE|ALIGN MASK LEVEL 1|EXPOSE LITHO LEVEL 1|DEVELOP PHOTORESIST|INSPECT PATTERN LEVEL 1|OXIDE ETCH DRY|STRIP PHOTORESIST|CLEAN AFTER OXIDE ETCH|MEASURE OPENING CD|IMPLANT P BODY|DRIVE IN DIFFUSION|RAPID THERMAL ANNEAL|MEASURE JUNCTION DEPTH|THERMAL OXIDATION|SPIN COAT PHOTORESIST|SOFT BAKE|ALIGN MASK LEVEL 2|EXPOSE LITHO LEVEL 2|DEVELOP PHOTORESIST|P BODY WINDOW INSPECTION|ETCH SILICON OR OXIDE WINDOW|STRIP PHOTORESIST|CLEAN AFTER WINDOW ETCH|IMPLANT N BUFFER|PRE ANNEAL CHECK|RAPID THERMAL ANNEAL|MEASURE SHEET RESISTANCE|EPITAXIAL REWORK CHECK|DEPOSIT FIELD OXIDE|DENSIFY OXIDE|MEASURE FILM THICKNESS|SPIN COAT PHOTORESIST|SOFT BAKE|ALIGN MASK LEVEL 3|EXPOSE LITHO LEVEL 3|DEVELOP PHOTORESIST|FIELD PATTERN INSPECTION|FIELD OXIDE ETCH|STRIP RESIST|CLEAN AFTER FIELD ETCH|MEASURE SURFACE UNIFORMITY|IMPLANT SOURCE REGION|IMPLANT DRAIN / CATHODE REGION|RAPID THERMAL ANNEAL|DEPOSIT GATE OXIDE OR DIELECTRIC|ANNEAL DIELECTRIC|MEASURE OXIDE QUALITY|DEPOSIT POLYSILICON|POLYSILICON ANNEAL|SPIN COAT PHOTORESIST|SOFT BAKE|ALIGN MASK LEVEL 4|EXPOSE LITHO LEVEL 4|DEVELOP PHOTORESIST|POLY PATTERN INSPECTION|POLYSILICON ETCH DRY|STRIP RESIST|CLEAN AFTER POLY ETCH|MEASURE GATE CD|IMPLANT CHANNEL STOP|PRE ANNEAL CHECK|RAPID THERMAL ANNEAL|MEASURE DEVICE PARAMETER|DEPOSIT INTERLEVEL DIELECTRIC|DENSIFY OXIDE|MEASURE DIELECTRIC THICKNESS|CMP INTERLAYER DIELECTRIC|MEASURE PLANARITY|SPIN COAT PHOTORESIST|SOFT BAKE|ALIGN MASK LEVEL 5|EXPOSE LITHO LEVEL 5|POST EXPOSE BAKE|DEVELOP PHOTORESIST|VIA INSPECTION|HARD BAKE|VIA ETCH|STRIP PHOTORESIST|CLEAN AFTER VIA ETCH|MEASURE VIA CD|DEPOSIT BARRIER METAL|DEPOSIT METAL SEED|FILL VIA METAL|CMP VIA FILL|MEASURE CONTACT RESISTANCE|DEPOSIT METAL 1|ANNEAL METAL 1|SPIN COAT PHOTORESIST|SOFT BAKE|ALIGN MASK LEVEL 6|EXPOSE LITHO LEVEL 6|POST EXPOSE BAKE|DEVELOP PHOTORESIST|METAL PATTERN INSPECTION|HARD BAKE|METAL ETCH DRY|STRIP RESIST|CLEAN AFTER METAL ETCH|MEASURE LINE WIDTH|DEPOSIT PASSIVATION LAYER|CURE PASSIVATION|MEASURE PASSIVATION QUALITY|OPEN BOND PAD WINDOW|OPEN PAD WINDOW LITHO|DEVELOP PAD WINDOW|PASSIVATION ETCH|STRIP PHOTORESIST|CLEAN PAD OPENING|MEASURE PAD OPENING|BACKSIDE GRIND|MEASURE THICKNESS|BACKSIDE ETCH CLEAN|BACKSIDE RINSE|BACKSIDE DRY|BACKSIDE METALLIZATION PREP|DEPOSIT BACKSIDE METAL|BACKSIDE ANNEAL|MEASURE BACKSIDE CONTACT|FINAL CLEAN|FINAL THICKNESS MEASURE|FINAL GEOMETRY CHECK|FINAL CD INSPECTION|ELECTRICAL PARAMETRIC TEST|LEAKAGE TEST|BREAKDOWN VOLTAGE TEST|SWITCHING TEST|WAFER SORT TEST|YIELD ANALYSIS|LOT RELEASE|SHIP LOT
id_valid_0013,mosfet,RECEIVE WAFER LOT|LOT IDENTIFICATION|INITIAL WAFER INSPECTION|MEASURE THICKNESS|MEASURE SURFACE PARTICLES|PRE CLEAN WAFER|BACKSIDE CLEAN|RCA CLEAN 1|RCA CLEAN 2|HF DIP|SUBSTRATE CHECK|EPITAXY PREP|EPITAXIAL DEPOSITION|MEASURE EPITAXY THICKNESS|MEASURE RESISTIVITY|EPITAXY ANNEAL|WAFER SURFACE CLEAN|THERMAL OXIDATION|MEASURE OXIDE THICKNESS|SPIN COAT PHOTORESIST|SOFT BAKE|ALIGN MASK LEVEL 1|EXPOSE LITHO LEVEL 1|DEVELOP PHOTORESIST|PATTERN INSPECTION LEVEL 1|OXIDE ETCH|STRIP RESIST|CLEAN AFTER ETCH|MEASURE OPENING CD|IMPLANT WELL|DRIVE IN DIFFUSION|RAPID THERMAL ANNEAL|MEASURE JUNCTION DEPTH|THERMAL OXIDATION|GATE OXIDE PREP|GATE OXIDE GROWTH|MEASURE GATE OXIDE THICKNESS|DEPOSIT POLYSILICON|POLYSILICON ANNEAL|MEASURE POLY THICKNESS|SPIN COAT PHOTORESIST|SOFT BAKE|ALIGN MASK LEVEL 2|EXPOSE LITHO LEVEL 2|DEVELOP PHOTORESIST|POLY PATTERN INSPECTION|POLYSILICON ETCH|STRIP RESIST|CLEAN AFTER POLY ETCH|MEASURE GATE CD|IMPLANT SOURCE DRAIN|PRE ANNEAL CHECK|LIGHT ANNEAL|MEASURE SHEET RESISTANCE|DEPOSIT SPACER DIELECTRIC|ANISOTROPIC ETCH SPACER|MEASURE SPACER WIDTH|IMPLANT LDD|PRE ANNEAL CHECK|RAPID THERMAL ANNEAL|MEASURE JUNCTION PROFILE|DEPOSIT INTERLEVEL DIELECTRIC|DENSIFY DIELECTRIC|MEASURE DIELECTRIC THICKNESS|CMP INTERLAYER DIELECTRIC|MEASURE SURFACE PLANARITY|SPIN COAT PHOTORESIST|SOFT BAKE|ALIGN MASK LEVEL 3|EXPOSE LITHO LEVEL 3|DEVELOP PHOTORESIST|VIA INSPECTION|DIELECTRIC ETCH VIA|STRIP PHOTORESIST|CLEAN AFTER VIA ETCH|DEPOSIT BARRIER METAL|DEPOSIT METAL SEED|FILL VIA METAL|CMP METAL|MEASURE VIA RESISTANCE|DEPOSIT TOP METAL|ANNEAL METAL 1|SPIN COAT PHOTORESIST|SOFT BAKE|ALIGN MASK LEVEL 4|EXPOSE LITHO LEVEL 4|POST EXPOSE BAKE|DEVELOP PHOTORESIST|METAL PATTERN INSPECTION|METAL ETCH|STRIP PHOTORESIST|CLEAN AFTER METAL ETCH|MEASURE LINE WIDTH|DEPOSIT PASSIVATION LAYER|CURE PASSIVATION|MEASURE PASSIVATION QUALITY|OPEN BOND PAD WINDOW|PAD WINDOW LITHO|DEVELOP PHOTORESIST|PASSIVATION ETCH|STRIP RESIST|CLEAN PAD OPENING|MEASURE PAD OPENING|BACKSIDE CLEAN|BACKSIDE GRIND|MEASURE WAFER THICKNESS|BACKSIDE ETCH CLEAN|BACKSIDE RINSE|BACKSIDE DRY|BACKSIDE METALLIZATION PREP|DEPOSIT BACKSIDE METAL|BACKSIDE ANNEAL|MEASURE BACKSIDE CONTACT|FINAL CLEAN|FINAL THICKNESS MEASURE|FINAL GEOMETRY CHECK|FINAL PARTICLE INSPECTION|ELECTRICAL PARAMETRIC TEST|LEAKAGE TEST|THRESHOLD VOLTAGE TEST|SWITCHING TEST|WAFER SORT TEST|YIELD ANALYSIS|FINAL LOT RELEASE|SHIP LOT
id_valid_0021,igbt,RECEIVE WAFER LOT|LOT IDENTIFICATION|INITIAL WAFER INSPECTION|MEASURE INITIAL THICKNESS|MEASURE SURFACE PARTICLES|PRE CLEAN WAFER|BACKSIDE CLEAN|FRONTSIDE CLEAN|RCA CLEAN 1|WET CLEAN RCA2|HF DIP|EPITAXIAL WAFER CHECK|MEASURE EPITAXY THICKNESS|MEASURE RESISTIVITY|EPITAXIAL REWORK CHECK|EPITAXIAL LAYER PREP|THERMAL OXIDATION|MEASURE OXIDE THICKNESS|SPIN COAT PHOTORESIST|SOFT BAKE|ALIGN MASK LEVEL 1|EXPOSE LITHO LEVEL 1|DEVELOP PHOTORESIST|INSPECT PATTERN LEVEL 1|HARD BAKE|OXIDE ETCH DRY|STRIP PHOTORESIST|CLEAN AFTER OXIDE ETCH|MEASURE OPENING CD|IMPLANT P BODY|PRE ANNEAL CHECK|DRIVE IN DIFFUSION|RAPID THERMAL ANNEAL|MEASURE JUNCTION DEPTH|THERMAL OXIDATION|SPIN COAT PHOTORESIST|SOFT BAKE|ALIGN MASK LEVEL 2|EXPOSE LITHO LEVEL 2|POST EXPOSE BAKE|DEVELOP PHOTORESIST|P BODY WINDOW INSPECTION|ETCH SILICON OR OXIDE WINDOW|STRIP PHOTORESIST|CLEAN AFTER WINDOW ETCH|MEASURE WINDOW CD|IMPLANT N BUFFER|PRE ANNEAL CHECK|RAPID THERMAL ANNEAL|MEASURE SHEET RESISTANCE|DEPOSIT FIELD OXIDE|DENSIFY OXIDE|MEASURE FILM THICKNESS|SPIN COAT PHOTORESIST|SOFT BAKE|ALIGN MASK LEVEL 3|EXPOSE LITHO LEVEL 3|DEVELOP PHOTORESIST|FIELD PATTERN INSPECTION|FIELD OXIDE ETCH|STRIP PHOTORESIST|CLEAN AFTER FIELD ETCH|IMPLANT SOURCE REGION|IMPLANT DRAIN / CATHODE REGION|RAPID THERMAL ANNEAL|MEASURE SHEET RESISTANCE|DEPOSIT GATE OXIDE OR DIELECTRIC|ANNEAL DIELECTRIC|MEASURE OXIDE QUALITY|DEPOSIT POLYSILICON|POLYSILICON ANNEAL|MEASURE POLY THICKNESS|SPIN COAT PHOTORESIST|SOFT BAKE|ALIGN MASK LEVEL 4|EXPOSE LITHO LEVEL 4|DEVELOP PHOTORESIST|POLY PATTERN INSPECTION|POLYSILICON ETCH DRY|STRIP RESIST|CLEAN AFTER POLY ETCH|MEASURE GATE CD|IMPLANT CHANNEL STOP|RAPID THERMAL ANNEAL|DEPOSIT INTERLAYER DIELECTRIC|DENSIFY OXIDE|MEASURE FILM THICKNESS|CMP DIELECTRIC|MEASURE PLANARITY|SPIN COAT PHOTORESIST|SOFT BAKE|ALIGN MASK LEVEL 5|EXPOSE LITHO LEVEL 5|DEVELOP PHOTORESIST|VIA OPENING INSPECTION|VIA ETCH|STRIP RESIST|CLEAN AFTER VIA ETCH|MEASURE VIA CD|DEPOSIT BARRIER METAL|DEPOSIT METAL SEED|FILL VIA METAL|CMP METAL|DEPOSIT TOP METAL|ANNEAL METAL|SPIN COAT PHOTORESIST|SOFT BAKE|ALIGN MASK LEVEL 6|EXPOSE LITHO LEVEL 6|POST EXPOSE BAKE|DEVELOP PHOTORESIST|METAL PATTERN INSPECTION|HARD BAKE|METAL ETCH DRY|STRIP RESIST|CLEAN AFTER METAL ETCH|MEASURE LINE WIDTH|DEPOSIT PASSIVATION LAYER|CURE PASSIVATION|MEASURE PASSIVATION THICKNESS|OPEN PAD WINDOW|OPEN PAD WINDOW LITHO|DEVELOP PHOTORESIST|PASSIVATION ETCH PAD OPENING|STRIP RESIST|CLEAN PAD OPENING|MEASURE PAD OPENING|BACKSIDE GRIND|MEASURE WAFER THICKNESS|BACKSIDE ETCH CLEAN|BACKSIDE RINSE|BACKSIDE DRY|BACKSIDE METALLIZATION PREP|DEPOSIT BACKSIDE METAL|BACKSIDE ANNEAL|MEASURE BACKSIDE CONTACT|FINAL CLEAN|FINAL GEOMETRY CHECK|FINAL PARTICLE INSPECTION|PARAMETRIC TEST|LEAKAGE TEST|BREAKDOWN VOLTAGE TEST|SWITCHING TEST|WAFER SORT TEST|YIELD ANALYSIS|LOT RELEASE|SHIP LOT
id_forb_0011,igbt,RECEIVE WAFER LOT|LOT IDENTIFICATION|PRE CLEAN INSPECTION|MEASURE SURFACE PARTICLES|PRE CLEAN WAFER|BACKSIDE CLEAN|FRONTSIDE CLEAN|WET CLEAN RCA1|RCA CLEAN 2|HF DIP|DRY WAFER|EPITAXIAL WAFER CHECK|MEASURE EPITAXY THICKNESS|MEASURE RESISTIVITY|EPITAXIAL REWORK CHECK|EPITAXIAL LAYER PREP|THERMAL OXIDATION|MEASURE OXIDE THICKNESS|SPIN COAT PHOTORESIST|SOFT BAKE|ALIGN MASK LEVEL 1|EXPOSE LITHO LEVEL 1|POST EXPOSE BAKE|DEVELOP PHOTORESIST|INSPECT PATTERN LEVEL 1|OXIDE ETCH DRY|STRIP RESIST|CLEAN AFTER OXIDE ETCH|IMPLANT P BODY|PRE ANNEAL CHECK|DRIVE IN DIFFUSION|RAPID THERMAL ANNEAL|THERMAL OXIDATION|SPIN COAT PHOTORESIST|SOFT BAKE|ALIGN MASK LEVEL 2|EXPOSE LITHO LEVEL 2|DEVELOP PHOTORESIST|P BODY WINDOW INSPECTION|ETCH SILICON OR OXIDE WINDOW|STRIP PHOTORESIST|CLEAN AFTER WINDOW ETCH|MEASURE WINDOW CD|IMPLANT N BUFFER|RAPID THERMAL ANNEAL|MEASURE SHEET RESISTANCE|DEPOSIT FIELD OXIDE|DENSIFY OXIDE|SPIN COAT PHOTORESIST|SOFT BAKE|ALIGN MASK LEVEL 3|EXPOSE LITHO LEVEL 3|DEVELOP PHOTORESIST|FIELD PATTERN INSPECTION|HARD BAKE|FIELD OXIDE ETCH|STRIP PHOTORESIST|CLEAN AFTER FIELD ETCH|MEASURE SURFACE UNIFORMITY|IMPLANT SOURCE REGION|IMPLANT DRAIN / CATHODE REGION|PRE ANNEAL CHECK|RAPID THERMAL ANNEAL|MEASURE SHEET RESISTANCE|DEPOSIT GATE OXIDE OR DIELECTRIC|ANNEAL DIELECTRIC|MEASURE OXIDE QUALITY|DEPOSIT POLYSILICON|POLYSILICON ANNEAL|SPIN COAT PHOTORESIST|SOFT BAKE|ALIGN MASK LEVEL 4|EXPOSE LITHO LEVEL 4|DEVELOP PHOTORESIST|POLY PATTERN INSPECTION|POLYSILICON ETCH DRY|STRIP PHOTORESIST|CLEAN AFTER POLY ETCH|MEASURE GATE CD|IMPLANT CHANNEL STOP|PRE ANNEAL CHECK|RAPID THERMAL ANNEAL|MEASURE DEVICE PARAMETER|DEPOSIT INTERLEVEL DIELECTRIC|DENSIFY DIELECTRIC|MEASURE DIELECTRIC THICKNESS|CMP INTERLAYER DIELECTRIC|MEASURE SURFACE PLANARITY|SPIN COAT PHOTORESIST|SOFT BAKE|ALIGN MASK LEVEL 5|EXPOSE LITHO LEVEL 5|DEVELOP PHOTORESIST|VIA OPENING INSPECTION|VIA ETCH THROUGH DIELECTRIC|STRIP RESIST|CLEAN AFTER VIA ETCH|MEASURE VIA CD|DEPOSIT BARRIER METAL|DEPOSIT METAL SEED|FILL VIA METAL|CMP METAL|DEPOSIT TOP METAL|ANNEAL METAL|MEASURE METAL THICKNESS|SPIN COAT PHOTORESIST|SOFT BAKE|ALIGN MASK LEVEL 6|METAL PATTERN INSPECTION|METAL ETCH DRY|STRIP RESIST|CLEAN AFTER METAL ETCH|MEASURE LINE WIDTH|DEPOSIT PASSIVATION|CURE PASSIVATION|MEASURE PASSIVATION QUALITY|OPEN PAD WINDOW|OPEN PAD WINDOW LITHO|DEVELOP PHOTORESIST|PASSIVATION ETCH PAD OPENING|STRIP PHOTORESIST|CLEAN PAD OPENING|MEASURE PAD OPENING|BACKSIDE GRIND|MEASURE THICKNESS|BACKSIDE ETCH CLEAN|BACKSIDE RINSE|BACKSIDE DRY|BACKSIDE METALLIZATION PREP|DEPOSIT BACKSIDE METAL|BACKSIDE ANNEAL|MEASURE BACKSIDE CONTACT|FINAL CLEAN|FINAL GEOMETRY CHECK|FINAL CD INSPECTION|FINAL PARTICLE INSPECTION|ELECTRICAL PARAMETRIC TEST|LEAKAGE TEST|BREAKDOWN VOLTAGE TEST|SWITCHING TEST|WAFER SORT TEST|YIELD ANALYSIS|FINAL LOT RELEASE|SHIP LOT
id_valid_0014,mosfet,RECEIVE WAFER LOT|LOT IDENTIFICATION|PRE CLEAN INSPECTION|MEASURE THICKNESS|MEASURE SURFACE PARTICLES|PRE CLEAN WAFER|BACKSIDE CLEAN|WET CLEAN RCA1|RCA CLEAN 2|HF DIP|SUBSTRATE CHECK|EPITAXY PREP|EPITAXIAL DEPOSITION|MEASURE EPITAXY THICKNESS|MEASURE RESISTIVITY|EPITAXY ANNEAL|WAFER SURFACE CLEAN|THERMAL OXIDATION|MEASURE OXIDE THICKNESS|SPIN COAT PHOTORESIST|SOFT BAKE|ALIGN MASK LEVEL 1|EXPOSE LITHO LEVEL 1|DEVELOP PHOTORESIST|PATTERN INSPECTION LEVEL 1|HARD BAKE|OXIDE ETCH|STRIP PHOTORESIST|CLEAN AFTER ETCH|MEASURE OPENING CD|IMPLANT WELL|PRE ANNEAL CHECK|DRIVE IN DIFFUSION|RAPID THERMAL ANNEAL|MEASURE JUNCTION DEPTH|THERMAL OXIDATION|GATE OXIDE PREP|GATE OXIDE GROWTH|MEASURE GATE OXIDE THICKNESS|DEPOSIT POLYSILICON|POLYSILICON ANNEAL|MEASURE POLY THICKNESS|SPIN COAT PHOTORESIST|SOFT BAKE|ALIGN MASK LEVEL 2|EXPOSE LITHO LEVEL 2|POST EXPOSE BAKE|DEVELOP PHOTORESIST|POLY PATTERN INSPECTION|POLYSILICON ETCH|STRIP PHOTORESIST|CLEAN AFTER POLY ETCH|IMPLANT SOURCE DRAIN|PRE ANNEAL CHECK|LIGHT ANNEAL|DEPOSIT SPACER DIELECTRIC|ANISOTROPIC ETCH SPACER|MEASURE SPACER WIDTH|IMPLANT LDD|PRE ANNEAL CHECK|RAPID THERMAL ANNEAL|MEASURE JUNCTION PROFILE|DEPOSIT INTERLEVEL DIELECTRIC|DENSIFY DIELECTRIC|MEASURE DIELECTRIC THICKNESS|CMP INTERLAYER DIELECTRIC|MEASURE PLANARITY|SPIN COAT PHOTORESIST|SOFT BAKE|ALIGN MASK LEVEL 3|EXPOSE LITHO LEVEL 3|DEVELOP PHOTORESIST|VIA INSPECTION|HARD BAKE|VIA ETCH THROUGH DIELECTRIC|STRIP RESIST|CLEAN AFTER VIA ETCH|MEASURE VIA CD|DEPOSIT BARRIER METAL|DEPOSIT METAL SEED|FILL VIA METAL|CMP VIA FILL|MEASURE CONTACT RESISTANCE|DEPOSIT METAL 1|ANNEAL METAL|MEASURE METAL THICKNESS|SPIN COAT PHOTORESIST|SOFT BAKE|ALIGN MASK LEVEL 4|EXPOSE LITHO LEVEL 4|DEVELOP PHOTORESIST|METAL PATTERN INSPECTION|METAL ETCH|STRIP PHOTORESIST|CLEAN AFTER METAL ETCH|MEASURE LINE WIDTH|DEPOSIT PASSIVATION|CURE PASSIVATION|MEASURE PASSIVATION QUALITY|OPEN BOND PAD WINDOW|OPEN PAD WINDOW LITHO|DEVELOP PHOTORESIST|PASSIVATION ETCH|STRIP PHOTORESIST|CLEAN PAD OPENING|MEASURE PAD OPENING|BACKSIDE CLEAN|BACKSIDE GRIND|MEASURE THICKNESS|BACKSIDE ETCH CLEAN|BACKSIDE RINSE|BACKSIDE DRY|BACKSIDE METALLIZATION PREP|DEPOSIT BACKSIDE METAL|BACKSIDE ANNEAL|MEASURE BACKSIDE CONTACT|FINAL CLEAN|FINAL THICKNESS MEASURE|FINAL CD INSPECTION|PARAMETRIC TEST|LEAKAGE TEST|THRESHOLD VOLTAGE TEST|SWITCHING TEST|WAFER SORT TEST|YIELD ANALYSIS|LOT RELEASE|SHIP LOT
id_valid_0009,igbt,RECEIVE WAFER LOT|LOT IDENTIFICATION|PRE CLEAN INSPECTION|MEASURE INITIAL THICKNESS|PRE CLEAN WAFER|BACKSIDE CLEAN|FRONTSIDE CLEAN|WET CLEAN RCA1|RCA CLEAN 2|HF DIP|DRY WAFER|EPITAXIAL WAFER CHECK|MEASURE EPITAXY THICKNESS|MEASURE RESISTIVITY|EPITAXIAL LAYER PREP|THERMAL OXIDATION|MEASURE OXIDE THICKNESS|SPIN COAT PHOTORESIST|SOFT BAKE|ALIGN MASK LEVEL 1|EXPOSE LITHO LEVEL 1|DEVELOP PHOTORESIST|INSPECT PATTERN LEVEL 1|OXIDE ETCH DRY|STRIP PHOTORESIST|CLEAN AFTER OXIDE ETCH|MEASURE OPENING CD|IMPLANT P BODY|PRE ANNEAL CHECK|DRIVE IN DIFFUSION|RAPID THERMAL ANNEAL|MEASURE JUNCTION DEPTH|THERMAL OXIDATION|SPIN COAT PHOTORESIST|SOFT BAKE|ALIGN MASK LEVEL 2|EXPOSE LITHO LEVEL 2|DEVELOP PHOTORESIST|P BODY WINDOW INSPECTION|ETCH SILICON OR OXIDE WINDOW|STRIP PHOTORESIST|CLEAN AFTER WINDOW ETCH|MEASURE WINDOW CD|IMPLANT N BUFFER|RAPID THERMAL ANNEAL|MEASURE SHEET RESISTANCE|DEPOSIT FIELD OXIDE|DENSIFY OXIDE|SPIN COAT PHOTORESIST|SOFT BAKE|ALIGN MASK LEVEL 3|EXPOSE LITHO LEVEL 3|DEVELOP PHOTORESIST|FIELD PATTERN INSPECTION|HARD BAKE|FIELD OXIDE ETCH|STRIP RESIST|CLEAN AFTER FIELD ETCH|MEASURE SURFACE UNIFORMITY|IMPLANT SOURCE REGION|IMPLANT DRAIN / CATHODE REGION|PRE ANNEAL CHECK|RAPID THERMAL ANNEAL|MEASURE SHEET RESISTANCE|DEPOSIT GATE OXIDE OR DIELECTRIC|ANNEAL DIELECTRIC|DEPOSIT POLYSILICON|POLYSILICON ANNEAL|MEASURE POLY THICKNESS|SPIN COAT PHOTORESIST|SOFT BAKE|ALIGN MASK LEVEL 4|EXPOSE LITHO LEVEL 4|DEVELOP PHOTORESIST|POLY PATTERN INSPECTION|HARD BAKE|POLYSILICON ETCH DRY|STRIP PHOTORESIST|CLEAN AFTER POLY ETCH|MEASURE GATE CD|IMPLANT CHANNEL STOP|PRE ANNEAL CHECK|RAPID THERMAL ANNEAL|DEPOSIT INTERLEVEL DIELECTRIC|DENSIFY OXIDE|MEASURE FILM THICKNESS|CMP DIELECTRIC|MEASURE PLANARITY|SPIN COAT PHOTORESIST|SOFT BAKE|ALIGN MASK LEVEL 5|EXPOSE LITHO LEVEL 5|POST EXPOSE BAKE|DEVELOP PHOTORESIST|VIA INSPECTION|HARD BAKE|DIELECTRIC ETCH VIA|STRIP RESIST|CLEAN AFTER VIA ETCH|MEASURE VIA CD|DEPOSIT BARRIER METAL|DEPOSIT METAL SEED|FILL VIA METAL|CMP VIA FILL|MEASURE VIA RESISTANCE|DEPOSIT METAL 1|ANNEAL METAL 1|MEASURE METAL THICKNESS|SPIN COAT PHOTORESIST|SOFT BAKE|ALIGN MASK LEVEL 6|EXPOSE LITHO LEVEL 6|DEVELOP PHOTORESIST|METAL PATTERN INSPECTION|METAL ETCH DRY|STRIP RESIST|CLEAN AFTER METAL ETCH|MEASURE LINE WIDTH|DEPOSIT PASSIVATION|CURE PASSIVATION|MEASURE PASSIVATION QUALITY|OPEN PAD WINDOW|PAD WINDOW LITHO|DEVELOP PHOTORESIST|PASSIVATION ETCH|STRIP RESIST|CLEAN PAD OPENING|MEASURE PAD OPENING|BACKSIDE GRIND|MEASURE THICKNESS|BACKSIDE ETCH CLEAN|BACKSIDE RINSE|BACKSIDE DRY|BACKSIDE METALLIZATION PREP|DEPOSIT BACKSIDE METAL|BACKSIDE ANNEAL|MEASURE BACKSIDE CONTACT|FINAL CLEAN|FINAL THICKNESS MEASURE|FINAL GEOMETRY CHECK|FINAL PARTICLE INSPECTION|ELECTRICAL PARAMETRIC TEST|LEAKAGE TEST|BREAKDOWN VOLTAGE TEST|SWITCHING TEST|WAFER SORT TEST|YIELD ANALYSIS|FINAL LOT RELEASE|SHIP LOT
id_forb_0026,igbt,RECEIVE WAFER LOT|OPEN PAD WINDOW LITHO|LOT IDENTIFICATION|INITIAL WAFER INSPECTION|MEASURE INITIAL THICKNESS|MEASURE SURFACE PARTICLES|PRE CLEAN WAFER|BACKSIDE CLEAN|FRONTSIDE CLEAN|RCA CLEAN 1|WET CLEAN RCA2|HF DIP|EPITAXIAL WAFER CHECK|MEASURE EPITAXY THICKNESS|MEASURE RESISTIVITY|EPITAXIAL LAYER PREP|THERMAL OXIDATION|MEASURE OXIDE THICKNESS|SPIN COAT PHOTORESIST|SOFT BAKE|ALIGN MASK LEVEL 1|EXPOSE LITHO LEVEL 1|DEVELOP PHOTORESIST|INSPECT PATTERN LEVEL 1|OXIDE ETCH DRY|STRIP RESIST|CLEAN AFTER OXIDE ETCH|MEASURE OPENING CD|IMPLANT P BODY|PRE ANNEAL CHECK|DRIVE IN DIFFUSION|RAPID THERMAL ANNEAL|MEASURE JUNCTION DEPTH|THERMAL OXIDATION|SPIN COAT PHOTORESIST|SOFT BAKE|ALIGN MASK LEVEL 2|EXPOSE LITHO LEVEL 2|DEVELOP PHOTORESIST|P BODY WINDOW INSPECTION|ETCH SILICON OR OXIDE WINDOW|STRIP RESIST|CLEAN AFTER WINDOW ETCH|IMPLANT N BUFFER|PRE ANNEAL CHECK|RAPID THERMAL ANNEAL|MEASURE SHEET RESISTANCE|DEPOSIT FIELD OXIDE|DENSIFY OXIDE|MEASURE FILM THICKNESS|SPIN COAT PHOTORESIST|SOFT BAKE|ALIGN MASK LEVEL 3|EXPOSE LITHO LEVEL 3|DEVELOP PHOTORESIST|FIELD PATTERN INSPECTION|HARD BAKE|FIELD OXIDE ETCH|STRIP RESIST|CLEAN AFTER FIELD ETCH|MEASURE SURFACE UNIFORMITY|IMPLANT SOURCE REGION|IMPLANT DRAIN / CATHODE REGION|PRE ANNEAL CHECK|RAPID THERMAL ANNEAL|MEASURE SHEET RESISTANCE|DEPOSIT GATE OXIDE OR DIELECTRIC|ANNEAL DIELECTRIC|MEASURE OXIDE QUALITY|DEPOSIT POLYSILICON|POLYSILICON ANNEAL|MEASURE POLY THICKNESS|SPIN COAT PHOTORESIST|SOFT BAKE|ALIGN MASK LEVEL 4|EXPOSE LITHO LEVEL 4|DEVELOP PHOTORESIST|POLY PATTERN INSPECTION|HARD BAKE|POLYSILICON ETCH DRY|STRIP RESIST|CLEAN AFTER POLY ETCH|MEASURE GATE CD|IMPLANT CHANNEL STOP|RAPID THERMAL ANNEAL|MEASURE DEVICE PARAMETER|DEPOSIT INTERLEVEL DIELECTRIC|DENSIFY DIELECTRIC|MEASURE DIELECTRIC THICKNESS|CMP DIELECTRIC|MEASURE SURFACE PLANARITY|SPIN COAT PHOTORESIST|SOFT BAKE|ALIGN MASK LEVEL 5|EXPOSE LITHO LEVEL 5|DEVELOP PHOTORESIST|VIA OPENING INSPECTION|HARD BAKE|DIELECTRIC ETCH VIA|STRIP PHOTORESIST|CLEAN AFTER VIA ETCH|MEASURE VIA CD|DEPOSIT BARRIER METAL|DEPOSIT METAL SEED|FILL VIA METAL|CMP METAL|DEPOSIT METAL 1|ANNEAL METAL 1|SPIN COAT PHOTORESIST|SOFT BAKE|ALIGN MASK LEVEL 6|EXPOSE LITHO LEVEL 6|DEVELOP PHOTORESIST|METAL PATTERN INSPECTION|METAL ETCH DRY|STRIP RESIST|CLEAN AFTER METAL ETCH|MEASURE LINE WIDTH|DEPOSIT PASSIVATION LAYER|CURE PASSIVATION|MEASURE PASSIVATION THICKNESS|OPEN PAD WINDOW|DEVELOP PAD WINDOW|PASSIVATION ETCH|STRIP PHOTORESIST|CLEAN PAD OPENING|MEASURE PAD OPENING|BACKSIDE GRIND|MEASURE WAFER THICKNESS|BACKSIDE ETCH CLEAN|BACKSIDE RINSE|BACKSIDE DRY|BACKSIDE METALLIZATION PREP|DEPOSIT BACKSIDE METAL|BACKSIDE ANNEAL|MEASURE BACKSIDE CONTACT|FINAL CLEAN|FINAL THICKNESS MEASURE|FINAL CD INSPECTION|FINAL PARTICLE INSPECTION|PARAMETRIC TEST|LEAKAGE TEST|BREAKDOWN VOLTAGE TEST|SWITCHING TEST|YIELD ANALYSIS|WAFER SORT TEST|FINAL LOT RELEASE|SHIP LOT
id_valid_0033,igbt,RECEIVE WAFER LOT|LOT IDENTIFICATION|INITIAL WAFER INSPECTION|MEASURE INITIAL THICKNESS|MEASURE SURFACE PARTICLES|PRE CLEAN WAFER|BACKSIDE CLEAN|FRONTSIDE CLEAN|RCA CLEAN 1|RCA CLEAN 2|HF DIP|DRY WAFER|EPITAXIAL WAFER CHECK|MEASURE EPITAXY THICKNESS|MEASURE RESISTIVITY|EPITAXIAL LAYER PREP|THERMAL OXIDATION|MEASURE OXIDE THICKNESS|SPIN COAT PHOTORESIST|SOFT BAKE|ALIGN MASK LEVEL 1|EXPOSE LITHO LEVEL 1|POST EXPOSE BAKE|DEVELOP PHOTORESIST|INSPECT PATTERN LEVEL 1|HARD BAKE|OXIDE ETCH DRY|STRIP PHOTORESIST|CLEAN AFTER OXIDE ETCH|MEASURE OPENING CD|IMPLANT P BODY|PRE ANNEAL CHECK|DRIVE IN DIFFUSION|RAPID THERMAL ANNEAL|MEASURE JUNCTION DEPTH|THERMAL OXIDATION|SPIN COAT PHOTORESIST|SOFT BAKE|ALIGN MASK LEVEL 2|EXPOSE LITHO LEVEL 2|DEVELOP PHOTORESIST|P BODY WINDOW INSPECTION|ETCH SILICON OR OXIDE WINDOW|STRIP PHOTORESIST|CLEAN AFTER WINDOW ETCH|MEASURE WINDOW CD|IMPLANT N BUFFER|RAPID THERMAL ANNEAL|DEPOSIT FIELD OXIDE|DENSIFY OXIDE|SPIN COAT PHOTORESIST|SOFT BAKE|ALIGN MASK LEVEL 3|EXPOSE LITHO LEVEL 3|DEVELOP PHOTORESIST|FIELD PATTERN INSPECTION|FIELD OXIDE ETCH|STRIP RESIST|CLEAN AFTER FIELD ETCH|IMPLANT SOURCE REGION|IMPLANT DRAIN / CATHODE REGION|PRE ANNEAL CHECK|RAPID THERMAL ANNEAL|MEASURE SHEET RESISTANCE|DEPOSIT GATE OXIDE OR DIELECTRIC|ANNEAL DIELECTRIC|DEPOSIT POLYSILICON|POLYSILICON ANNEAL|MEASURE POLY THICKNESS|SPIN COAT PHOTORESIST|SOFT BAKE|ALIGN MASK LEVEL 4|EXPOSE LITHO LEVEL 4|DEVELOP PHOTORESIST|POLY PATTERN INSPECTION|POLYSILICON ETCH DRY|STRIP PHOTORESIST|CLEAN AFTER POLY ETCH|MEASURE GATE CD|IMPLANT CHANNEL STOP|PRE ANNEAL CHECK|RAPID THERMAL ANNEAL|MEASURE DEVICE PARAMETER|DEPOSIT INTERLAYER DIELECTRIC|DENSIFY OXIDE|MEASURE DIELECTRIC THICKNESS|CMP DIELECTRIC|MEASURE SURFACE PLANARITY|SPIN COAT PHOTORESIST|SOFT BAKE|ALIGN MASK LEVEL 5|EXPOSE LITHO LEVEL 5|DEVELOP PHOTORESIST|VIA INSPECTION|DIELECTRIC ETCH VIA|STRIP PHOTORESIST|CLEAN AFTER VIA ETCH|DEPOSIT BARRIER METAL|DEPOSIT METAL SEED|FILL VIA METAL|CMP METAL|DEPOSIT METAL 1|ANNEAL METAL|MEASURE METAL THICKNESS|SPIN COAT PHOTORESIST|SOFT BAKE|ALIGN MASK LEVEL 6|EXPOSE LITHO LEVEL 6|DEVELOP PHOTORESIST|METAL PATTERN INSPECTION|HARD BAKE|METAL ETCH DRY|STRIP PHOTORESIST|CLEAN AFTER METAL ETCH|DEPOSIT PASSIVATION|CURE PASSIVATION|MEASURE PASSIVATION THICKNESS|OPEN BOND PAD WINDOW|OPEN PAD WINDOW LITHO|DEVELOP PHOTORESIST|PASSIVATION ETCH|STRIP RESIST|CLEAN PAD OPENING|MEASURE PAD OPENING|BACKSIDE GRIND|MEASURE WAFER THICKNESS|BACKSIDE ETCH CLEAN|BACKSIDE RINSE|BACKSIDE DRY|BACKSIDE METALLIZATION PREP|DEPOSIT BACKSIDE METAL|BACKSIDE ANNEAL|MEASURE BACKSIDE CONTACT|FINAL CLEAN|FINAL GEOMETRY CHECK|FINAL CD INSPECTION|FINAL PARTICLE INSPECTION|ELECTRICAL PARAMETRIC TEST|LEAKAGE TEST|BREAKDOWN VOLTAGE TEST|SWITCHING TEST|YIELD ANALYSIS|WAFER SORT TEST|LOT RELEASE|SHIP LOT
id_valid_0024,igbt,RECEIVE WAFER LOT|LOT IDENTIFICATION|PRE CLEAN INSPECTION|MEASURE INITIAL THICKNESS|MEASURE SURFACE PARTICLES|PRE CLEAN WAFER|BACKSIDE CLEAN|FRONTSIDE CLEAN|RCA CLEAN 1|RCA CLEAN 2|HF DIP|EPITAXIAL WAFER CHECK|MEASURE EPITAXY THICKNESS|MEASURE RESISTIVITY|EPITAXIAL REWORK CHECK|EPITAXIAL LAYER PREP|THERMAL OXIDATION|MEASURE OXIDE THICKNESS|SPIN COAT PHOTORESIST|SOFT BAKE|ALIGN MASK LEVEL 1|EXPOSE LITHO LEVEL 1|DEVELOP PHOTORESIST|INSPECT PATTERN LEVEL 1|OXIDE ETCH DRY|STRIP PHOTORESIST|CLEAN AFTER OXIDE ETCH|MEASURE OPENING CD|IMPLANT P BODY|PRE ANNEAL CHECK|DRIVE IN DIFFUSION|RAPID THERMAL ANNEAL|MEASURE JUNCTION DEPTH|THERMAL OXIDATION|SPIN COAT PHOTORESIST|SOFT BAKE|ALIGN MASK LEVEL 2|EXPOSE LITHO LEVEL 2|DEVELOP PHOTORESIST|P BODY WINDOW INSPECTION|HARD BAKE|ETCH SILICON OR OXIDE WINDOW|STRIP PHOTORESIST|CLEAN AFTER WINDOW ETCH|MEASURE WINDOW CD|IMPLANT N BUFFER|PRE ANNEAL CHECK|RAPID THERMAL ANNEAL|MEASURE SHEET RESISTANCE|DEPOSIT FIELD OXIDE|DENSIFY OXIDE|MEASURE FILM THICKNESS|SPIN COAT PHOTORESIST|SOFT BAKE|ALIGN MASK LEVEL 3|EXPOSE LITHO LEVEL 3|POST EXPOSE BAKE|DEVELOP PHOTORESIST|FIELD PATTERN INSPECTION|HARD BAKE|FIELD OXIDE ETCH|STRIP RESIST|CLEAN AFTER FIELD ETCH|IMPLANT SOURCE REGION|IMPLANT DRAIN / CATHODE REGION|RAPID THERMAL ANNEAL|MEASURE SHEET RESISTANCE|DEPOSIT GATE OXIDE OR DIELECTRIC|ANNEAL DIELECTRIC|DEPOSIT POLYSILICON|POLYSILICON ANNEAL|MEASURE POLY THICKNESS|SPIN COAT PHOTORESIST|SOFT BAKE|ALIGN MASK LEVEL 4|EXPOSE LITHO LEVEL 4|DEVELOP PHOTORESIST|POLY PATTERN INSPECTION|POLYSILICON ETCH DRY|STRIP RESIST|CLEAN AFTER POLY ETCH|MEASURE GATE CD|IMPLANT CHANNEL STOP|RAPID THERMAL ANNEAL|MEASURE DEVICE PARAMETER|DEPOSIT INTERLEVEL DIELECTRIC|DENSIFY DIELECTRIC|MEASURE DIELECTRIC THICKNESS|CMP INTERLAYER DIELECTRIC|MEASURE SURFACE PLANARITY|SPIN COAT PHOTORESIST|SOFT BAKE|ALIGN MASK LEVEL 5|EXPOSE LITHO LEVEL 5|POST EXPOSE BAKE|DEVELOP PHOTORESIST|VIA INSPECTION|VIA ETCH|STRIP PHOTORESIST|CLEAN AFTER VIA ETCH|DEPOSIT BARRIER METAL|DEPOSIT METAL SEED|FILL VIA METAL|CMP VIA FILL|MEASURE VIA RESISTANCE|DEPOSIT METAL 1|ANNEAL METAL 1|MEASURE METAL THICKNESS|SPIN COAT PHOTORESIST|SOFT BAKE|ALIGN MASK LEVEL 6|EXPOSE LITHO LEVEL 6|DEVELOP PHOTORESIST|METAL PATTERN INSPECTION|HARD BAKE|METAL ETCH DRY|STRIP PHOTORESIST|CLEAN AFTER METAL ETCH|MEASURE LINE WIDTH|DEPOSIT PASSIVATION LAYER|CURE PASSIVATION|MEASURE PASSIVATION THICKNESS|OPEN PAD WINDOW|OPEN PAD WINDOW LITHO|DEVELOP PHOTORESIST|PASSIVATION ETCH|STRIP PHOTORESIST|CLEAN PAD OPENING|MEASURE PAD OPENING|BACKSIDE GRIND|MEASURE THICKNESS|BACKSIDE ETCH CLEAN|BACKSIDE RINSE|BACKSIDE DRY|BACKSIDE METALLIZATION PREP|DEPOSIT BACKSIDE METAL|BACKSIDE ANNEAL|MEASURE BACKSIDE CONTACT|FINAL CLEAN|FINAL THICKNESS MEASURE|FINAL GEOMETRY CHECK|ELECTRICAL PARAMETRIC TEST|LEAKAGE TEST|BREAKDOWN VOLTAGE TEST|SWITCHING TEST|YIELD ANALYSIS|WAFER SORT TEST|FINAL LOT RELEASE|SHIP LOT
id_forb_0025,mosfet,RECEIVE WAFER LOT|LOT IDENTIFICATION|INITIAL WAFER INSPECTION|MEASURE SURFACE PARTICLES|PRE CLEAN WAFER|BACKSIDE CLEAN|FRONTSIDE CLEAN|WET CLEAN RCA1|WET CLEAN RCA2|HF DIP|SUBSTRATE CHECK|EPITAXY PREP|EPITAXIAL DEPOSITION|MEASURE EPITAXY THICKNESS|MEASURE RESISTIVITY|EPITAXY ANNEAL|WAFER SURFACE CLEAN|THERMAL OXIDATION|MEASURE OXIDE THICKNESS|SPIN COAT PHOTORESIST|SOFT BAKE|ALIGN MASK LEVEL 1|EXPOSE LITHO LEVEL 1|DEVELOP PHOTORESIST|PATTERN INSPECTION LEVEL 1|HARD BAKE|OXIDE ETCH|STRIP RESIST|CLEAN AFTER ETCH|IMPLANT WELL|PRE ANNEAL CHECK|DRIVE IN DIFFUSION|RAPID THERMAL ANNEAL|MEASURE JUNCTION DEPTH|THERMAL OXIDATION|GATE OXIDE PREP|GATE OXIDE GROWTH|MEASURE GATE OXIDE THICKNESS|DEPOSIT POLYSILICON|POLYSILICON ANNEAL|MEASURE POLY THICKNESS|SPIN COAT PHOTORESIST|SOFT BAKE|ALIGN MASK LEVEL 3|EXPOSE LITHO LEVEL 2|DEVELOP PHOTORESIST|POLY PATTERN INSPECTION|POLYSILICON ETCH|STRIP RESIST|CLEAN AFTER POLY ETCH|MEASURE GATE CD|IMPLANT SOURCE DRAIN|LIGHT ANNEAL|MEASURE SHEET RESISTANCE|DEPOSIT SPACER DIELECTRIC|ANISOTROPIC ETCH SPACER|MEASURE SPACER WIDTH|IMPLANT LDD|RAPID THERMAL ANNEAL|MEASURE JUNCTION PROFILE|DEPOSIT INTERLAYER DIELECTRIC|DENSIFY OXIDE|MEASURE FILM THICKNESS|CMP INTERLAYER DIELECTRIC|MEASURE SURFACE PLANARITY|SPIN COAT PHOTORESIST|SOFT BAKE|ALIGN MASK LEVEL 3|EXPOSE LITHO LEVEL 3|DEVELOP PHOTORESIST|VIA OPENING INSPECTION|DIELECTRIC ETCH VIA|STRIP RESIST|CLEAN AFTER VIA ETCH|MEASURE VIA CD|DEPOSIT BARRIER METAL|DEPOSIT METAL SEED|FILL VIA METAL|CMP METAL|MEASURE VIA RESISTANCE|DEPOSIT TOP METAL|ANNEAL METAL|SPIN COAT PHOTORESIST|SOFT BAKE|ALIGN MASK LEVEL 4|EXPOSE LITHO LEVEL 4|DEVELOP PHOTORESIST|METAL PATTERN INSPECTION|METAL ETCH|STRIP PHOTORESIST|CLEAN AFTER METAL ETCH|DEPOSIT PASSIVATION|CURE PASSIVATION|MEASURE PASSIVATION THICKNESS|OPEN BOND PAD WINDOW|PAD WINDOW LITHO|DEVELOP PAD WINDOW|PASSIVATION ETCH PAD OPENING|STRIP RESIST|CLEAN PAD OPENING|MEASURE PAD OPENING|BACKSIDE CLEAN|BACKSIDE GRIND|MEASURE WAFER THICKNESS|BACKSIDE ETCH CLEAN|BACKSIDE RINSE|BACKSIDE DRY|BACKSIDE METALLIZATION PREP|DEPOSIT BACKSIDE METAL|BACKSIDE ANNEAL|MEASURE BACKSIDE CONTACT|FINAL CLEAN|FINAL PARTICLE INSPECTION|PARAMETRIC TEST|LEAKAGE TEST|THRESHOLD VOLTAGE TEST|SWITCHING TEST|WAFER SORT TEST|YIELD ANALYSIS|FINAL LOT RELEASE|SHIP LOT
id_valid_0002,mosfet,RECEIVE WAFER LOT|LOT IDENTIFICATION|INITIAL WAFER INSPECTION|MEASURE THICKNESS|MEASURE SURFACE PARTICLES|PRE CLEAN WAFER|BACKSIDE CLEAN|RCA CLEAN 1|RCA CLEAN 2|HF DIP|DRY WAFER|SUBSTRATE CHECK|EPITAXY PREP|EPITAXIAL DEPOSITION|MEASURE EPITAXY THICKNESS|MEASURE RESISTIVITY|EPITAXY ANNEAL|WAFER SURFACE CLEAN|THERMAL OXIDATION|MEASURE OXIDE THICKNESS|SPIN COAT PHOTORESIST|SOFT BAKE|ALIGN MASK LEVEL 1|EXPOSE LITHO LEVEL 1|DEVELOP PHOTORESIST|PATTERN INSPECTION LEVEL 1|OXIDE ETCH|STRIP PHOTORESIST|CLEAN AFTER ETCH|IMPLANT WELL|DRIVE IN DIFFUSION|RAPID THERMAL ANNEAL|THERMAL OXIDATION|GATE OXIDE PREP|GATE OXIDE GROWTH|MEASURE GATE OXIDE THICKNESS|DEPOSIT POLYSILICON|POLYSILICON ANNEAL|MEASURE POLY THICKNESS|SPIN COAT PHOTORESIST|SOFT BAKE|ALIGN MASK LEVEL 2|EXPOSE LITHO LEVEL 2|DEVELOP PHOTORESIST|POLY PATTERN INSPECTION|HARD BAKE|POLYSILICON ETCH|STRIP RESIST|CLEAN AFTER POLY ETCH|MEASURE GATE CD|IMPLANT SOURCE DRAIN|PRE ANNEAL CHECK|LIGHT ANNEAL|DEPOSIT SPACER DIELECTRIC|ANISOTROPIC ETCH SPACER|MEASURE SPACER WIDTH|IMPLANT LDD|PRE ANNEAL CHECK|RAPID THERMAL ANNEAL|MEASURE JUNCTION PROFILE|DEPOSIT INTERLEVEL DIELECTRIC|DENSIFY DIELECTRIC|MEASURE FILM THICKNESS|CMP DIELECTRIC|MEASURE PLANARITY|SPIN COAT PHOTORESIST|SOFT BAKE|ALIGN MASK LEVEL 3|EXPOSE LITHO LEVEL 3|DEVELOP PHOTORESIST|VIA INSPECTION|DIELECTRIC ETCH VIA|STRIP PHOTORESIST|CLEAN AFTER VIA ETCH|DEPOSIT BARRIER METAL|DEPOSIT METAL SEED|FILL VIA METAL|CMP VIA FILL|MEASURE VIA RESISTANCE|DEPOSIT METAL 1|ANNEAL METAL 1|SPIN COAT PHOTORESIST|SOFT BAKE|ALIGN MASK LEVEL 4|EXPOSE LITHO LEVEL 4|DEVELOP PHOTORESIST|METAL PATTERN INSPECTION|METAL ETCH|STRIP RESIST|CLEAN AFTER METAL ETCH|MEASURE LINE WIDTH|DEPOSIT PASSIVATION LAYER|CURE PASSIVATION|MEASURE PASSIVATION THICKNESS|OPEN BOND PAD WINDOW|OPEN PAD WINDOW LITHO|DEVELOP PAD WINDOW|PASSIVATION ETCH|STRIP RESIST|CLEAN PAD OPENING|MEASURE PAD OPENING|BACKSIDE CLEAN|BACKSIDE GRIND|MEASURE THICKNESS|BACKSIDE ETCH CLEAN|BACKSIDE RINSE|BACKSIDE DRY|BACKSIDE METALLIZATION PREP|DEPOSIT BACKSIDE METAL|BACKSIDE ANNEAL|MEASURE BACKSIDE CONTACT|FINAL CLEAN|FINAL THICKNESS MEASURE|FINAL GEOMETRY CHECK|FINAL CD INSPECTION|PARAMETRIC TEST|LEAKAGE TEST|THRESHOLD VOLTAGE TEST|SWITCHING TEST|WAFER SORT TEST|YIELD ANALYSIS|LOT RELEASE|SHIP LOT
id_forb_0008,igbt,RECEIVE WAFER LOT|ELECTRICAL PARAMETRIC TEST|LOT IDENTIFICATION|PRE CLEAN INSPECTION|MEASURE INITIAL THICKNESS|MEASURE SURFACE PARTICLES|PRE CLEAN WAFER|BACKSIDE CLEAN|FRONTSIDE CLEAN|WET CLEAN RCA1|RCA CLEAN 2|HF DIP|DRY WAFER|EPITAXIAL WAFER CHECK|MEASURE EPITAXY THICKNESS|MEASURE RESISTIVITY|EPITAXIAL REWORK CHECK|EPITAXIAL LAYER PREP|THERMAL OXIDATION|MEASURE OXIDE THICKNESS|SPIN COAT PHOTORESIST|SOFT BAKE|ALIGN MASK LEVEL 1|EXPOSE LITHO LEVEL 1|DEVELOP PHOTORESIST|INSPECT PATTERN LEVEL 1|HARD BAKE|OXIDE ETCH DRY|STRIP PHOTORESIST|CLEAN AFTER OXIDE ETCH|MEASURE OPENING CD|IMPLANT P BODY|PRE ANNEAL CHECK|DRIVE IN DIFFUSION|RAPID THERMAL ANNEAL|MEASURE JUNCTION DEPTH|THERMAL OXIDATION|SPIN COAT PHOTORESIST|SOFT BAKE|ALIGN MASK LEVEL 2|EXPOSE LITHO LEVEL 2|DEVELOP PHOTORESIST|P BODY WINDOW INSPECTION|ETCH SILICON OR OXIDE WINDOW|STRIP PHOTORESIST|CLEAN AFTER WINDOW ETCH|MEASURE WINDOW CD|IMPLANT N BUFFER|RAPID THERMAL ANNEAL|MEASURE SHEET RESISTANCE|EPITAXIAL REWORK CHECK|DEPOSIT FIELD OXIDE|DENSIFY OXIDE|MEASURE FILM THICKNESS|SPIN COAT PHOTORESIST|SOFT BAKE|ALIGN MASK LEVEL 3|EXPOSE LITHO LEVEL 3|POST EXPOSE BAKE|DEVELOP PHOTORESIST|FIELD PATTERN INSPECTION|FIELD OXIDE ETCH|STRIP PHOTORESIST|CLEAN AFTER FIELD ETCH|MEASURE SURFACE UNIFORMITY|IMPLANT SOURCE REGION|IMPLANT DRAIN / CATHODE REGION|RAPID THERMAL ANNEAL|MEASURE SHEET RESISTANCE|DEPOSIT GATE OXIDE OR DIELECTRIC|ANNEAL DIELECTRIC|MEASURE OXIDE QUALITY|DEPOSIT POLYSILICON|POLYSILICON ANNEAL|MEASURE POLY THICKNESS|SPIN COAT PHOTORESIST|SOFT BAKE|ALIGN MASK LEVEL 4|EXPOSE LITHO LEVEL 4|DEVELOP PHOTORESIST|POLY PATTERN INSPECTION|POLYSILICON ETCH DRY|STRIP PHOTORESIST|CLEAN AFTER POLY ETCH|MEASURE GATE CD|IMPLANT CHANNEL STOP|PRE ANNEAL CHECK|RAPID THERMAL ANNEAL|DEPOSIT INTERLAYER DIELECTRIC|DENSIFY DIELECTRIC|MEASURE DIELECTRIC THICKNESS|CMP INTERLAYER DIELECTRIC|MEASURE SURFACE PLANARITY|SPIN COAT PHOTORESIST|SOFT BAKE|ALIGN MASK LEVEL 5|EXPOSE LITHO LEVEL 5|DEVELOP PHOTORESIST|VIA OPENING INSPECTION|VIA ETCH THROUGH DIELECTRIC|STRIP RESIST|CLEAN AFTER VIA ETCH|MEASURE VIA CD|DEPOSIT BARRIER METAL|DEPOSIT METAL SEED|FILL VIA METAL|CMP METAL|MEASURE CONTACT RESISTANCE|DEPOSIT TOP METAL|ANNEAL METAL|SPIN COAT PHOTORESIST|SOFT BAKE|ALIGN MASK LEVEL 6|EXPOSE LITHO LEVEL 6|DEVELOP PHOTORESIST|METAL PATTERN INSPECTION|METAL ETCH DRY|STRIP PHOTORESIST|CLEAN AFTER METAL ETCH|MEASURE LINE WIDTH|DEPOSIT PASSIVATION|CURE PASSIVATION|MEASURE PASSIVATION QUALITY|OPEN BOND PAD WINDOW|PAD WINDOW LITHO|DEVELOP PAD WINDOW|PASSIVATION ETCH PAD OPENING|STRIP PHOTORESIST|CLEAN PAD OPENING|MEASURE PAD OPENING|BACKSIDE GRIND|MEASURE WAFER THICKNESS|BACKSIDE ETCH CLEAN|BACKSIDE RINSE|BACKSIDE DRY|BACKSIDE METALLIZATION PREP|DEPOSIT BACKSIDE METAL|BACKSIDE ANNEAL|MEASURE BACKSIDE CONTACT|FINAL CLEAN|FINAL THICKNESS MEASURE|FINAL GEOMETRY CHECK|FINAL PARTICLE INSPECTION|LEAKAGE TEST|BREAKDOWN VOLTAGE TEST|SWITCHING TEST|WAFER SORT TEST|YIELD ANALYSIS|FINAL LOT RELEASE|SHIP LOT
id_valid_0022,igbt,RECEIVE WAFER LOT|LOT IDENTIFICATION|INITIAL WAFER INSPECTION|MEASURE INITIAL THICKNESS|MEASURE SURFACE PARTICLES|PRE CLEAN WAFER|BACKSIDE CLEAN|FRONTSIDE CLEAN|RCA CLEAN 1|RCA CLEAN 2|HF DIP|EPITAXIAL WAFER CHECK|MEASURE EPITAXY THICKNESS|MEASURE RESISTIVITY|EPITAXIAL LAYER PREP|THERMAL OXIDATION|MEASURE OXIDE THICKNESS|SPIN COAT PHOTORESIST|SOFT BAKE|ALIGN MASK LEVEL 1|EXPOSE LITHO LEVEL 1|DEVELOP PHOTORESIST|INSPECT PATTERN LEVEL 1|HARD BAKE|OXIDE ETCH DRY|STRIP RESIST|CLEAN AFTER OXIDE ETCH|MEASURE OPENING CD|IMPLANT P BODY|DRIVE IN DIFFUSION|RAPID THERMAL ANNEAL|THERMAL OXIDATION|SPIN COAT PHOTORESIST|SOFT BAKE|ALIGN MASK LEVEL 2|EXPOSE LITHO LEVEL 2|POST EXPOSE BAKE|DEVELOP PHOTORESIST|P BODY WINDOW INSPECTION|HARD BAKE|ETCH SILICON OR OXIDE WINDOW|STRIP RESIST|CLEAN AFTER WINDOW ETCH|MEASURE WINDOW CD|IMPLANT N BUFFER|RAPID THERMAL ANNEAL|MEASURE SHEET RESISTANCE|EPITAXIAL REWORK CHECK|DEPOSIT FIELD OXIDE|DENSIFY OXIDE|MEASURE FILM THICKNESS|SPIN COAT PHOTORESIST|SOFT BAKE|ALIGN MASK LEVEL 3|EXPOSE LITHO LEVEL 3|POST EXPOSE BAKE|DEVELOP PHOTORESIST|FIELD PATTERN INSPECTION|HARD BAKE|FIELD OXIDE ETCH|STRIP PHOTORESIST|CLEAN AFTER FIELD ETCH|MEASURE SURFACE UNIFORMITY|IMPLANT SOURCE REGION|IMPLANT DRAIN / CATHODE REGION|PRE ANNEAL CHECK|RAPID THERMAL ANNEAL|MEASURE SHEET RESISTANCE|DEPOSIT GATE OXIDE OR DIELECTRIC|ANNEAL DIELECTRIC|MEASURE OXIDE QUALITY|DEPOSIT POLYSILICON|POLYSILICON ANNEAL|MEASURE POLY THICKNESS|SPIN COAT PHOTORESIST|SOFT BAKE|ALIGN MASK LEVEL 4|EXPOSE LITHO LEVEL 4|DEVELOP PHOTORESIST|POLY PATTERN INSPECTION|HARD BAKE|POLYSILICON ETCH DRY|STRIP RESIST|CLEAN AFTER POLY ETCH|MEASURE GATE CD|IMPLANT CHANNEL STOP|PRE ANNEAL CHECK|RAPID THERMAL ANNEAL|DEPOSIT INTERLAYER DIELECTRIC|DENSIFY OXIDE|MEASURE DIELECTRIC THICKNESS|CMP DIELECTRIC|MEASURE SURFACE PLANARITY|SPIN COAT PHOTORESIST|SOFT BAKE|ALIGN MASK LEVEL 5|EXPOSE LITHO LEVEL 5|DEVELOP PHOTORESIST|VIA OPENING INSPECTION|VIA ETCH THROUGH DIELECTRIC|STRIP PHOTORESIST|CLEAN AFTER VIA ETCH|MEASURE VIA CD|DEPOSIT BARRIER METAL|DEPOSIT METAL SEED|FILL VIA METAL|CMP VIA FILL|MEASURE VIA RESISTANCE|DEPOSIT METAL 1|ANNEAL METAL 1|SPIN COAT PHOTORESIST|SOFT BAKE|ALIGN MASK LEVEL 6|EXPOSE LITHO LEVEL 6|POST EXPOSE BAKE|DEVELOP PHOTORESIST|METAL PATTERN INSPECTION|METAL ETCH DRY|STRIP PHOTORESIST|CLEAN AFTER METAL ETCH|DEPOSIT PASSIVATION LAYER|CURE PASSIVATION|MEASURE PASSIVATION THICKNESS|OPEN BOND PAD WINDOW|PAD WINDOW LITHO|DEVELOP PHOTORESIST|PASSIVATION ETCH|STRIP RESIST|CLEAN PAD OPENING|MEASURE PAD OPENING|BACKSIDE GRIND|MEASURE THICKNESS|BACKSIDE ETCH CLEAN|BACKSIDE RINSE|BACKSIDE DRY|BACKSIDE METALLIZATION PREP|DEPOSIT BACKSIDE METAL|BACKSIDE ANNEAL|MEASURE BACKSIDE CONTACT|FINAL CLEAN|FINAL THICKNESS MEASURE|FINAL PARTICLE INSPECTION|ELECTRICAL PARAMETRIC TEST|LEAKAGE TEST|BREAKDOWN VOLTAGE TEST|SWITCHING TEST|WAFER SORT TEST|YIELD ANALYSIS|FINAL LOT RELEASE|SHIP LOT
id_valid_0025,igbt,RECEIVE WAFER LOT|LOT IDENTIFICATION|INITIAL WAFER INSPECTION|MEASURE INITIAL THICKNESS|MEASURE SURFACE PARTICLES|PRE CLEAN WAFER|BACKSIDE CLEAN|FRONTSIDE CLEAN|RCA CLEAN 1|WET CLEAN RCA2|HF DIP|EPITAXIAL WAFER CHECK|MEASURE EPITAXY THICKNESS|MEASURE RESISTIVITY|EPITAXIAL REWORK CHECK|EPITAXIAL LAYER PREP|THERMAL OXIDATION|MEASURE OXIDE THICKNESS|SPIN COAT PHOTORESIST|SOFT BAKE|ALIGN MASK LEVEL 1|EXPOSE LITHO LEVEL 1|DEVELOP PHOTORESIST|INSPECT PATTERN LEVEL 1|OXIDE ETCH DRY|STRIP PHOTORESIST|CLEAN AFTER OXIDE ETCH|IMPLANT P BODY|PRE ANNEAL CHECK|DRIVE IN DIFFUSION|RAPID THERMAL ANNEAL|THERMAL OXIDATION|SPIN COAT PHOTORESIST|SOFT BAKE|ALIGN MASK LEVEL 2|EXPOSE LITHO LEVEL 2|POST EXPOSE BAKE|DEVELOP PHOTORESIST|P BODY WINDOW INSPECTION|ETCH SILICON OR OXIDE WINDOW|STRIP PHOTORESIST|CLEAN AFTER WINDOW ETCH|MEASURE WINDOW CD|IMPLANT N BUFFER|PRE ANNEAL CHECK|RAPID THERMAL ANNEAL|MEASURE SHEET RESISTANCE|DEPOSIT FIELD OXIDE|DENSIFY OXIDE|SPIN COAT PHOTORESIST|SOFT BAKE|ALIGN MASK LEVEL 3|EXPOSE LITHO LEVEL 3|DEVELOP PHOTORESIST|FIELD PATTERN INSPECTION|FIELD OXIDE ETCH|STRIP PHOTORESIST|CLEAN AFTER FIELD ETCH|MEASURE SURFACE UNIFORMITY|IMPLANT SOURCE REGION|IMPLANT DRAIN / CATHODE REGION|PRE ANNEAL CHECK|RAPID THERMAL ANNEAL|MEASURE SHEET RESISTANCE|DEPOSIT GATE OXIDE OR DIELECTRIC|ANNEAL DIELECTRIC|DEPOSIT POLYSILICON|POLYSILICON ANNEAL|SPIN COAT PHOTORESIST|SOFT BAKE|ALIGN MASK LEVEL 4|EXPOSE LITHO LEVEL 4|POST EXPOSE BAKE|DEVELOP PHOTORESIST|POLY PATTERN INSPECTION|POLYSILICON ETCH DRY|STRIP PHOTORESIST|CLEAN AFTER POLY ETCH|IMPLANT CHANNEL STOP|PRE ANNEAL CHECK|RAPID THERMAL ANNEAL|DEPOSIT INTERLAYER DIELECTRIC|DENSIFY DIELECTRIC|MEASURE DIELECTRIC THICKNESS|CMP INTERLAYER DIELECTRIC|MEASURE SURFACE PLANARITY|SPIN COAT PHOTORESIST|SOFT BAKE|ALIGN MASK LEVEL 5|EXPOSE LITHO LEVEL 5|DEVELOP PHOTORESIST|VIA INSPECTION|HARD BAKE|VIA ETCH THROUGH DIELECTRIC|STRIP PHOTORESIST|CLEAN AFTER VIA ETCH|MEASURE VIA CD|DEPOSIT BARRIER METAL|DEPOSIT METAL SEED|FILL VIA METAL|CMP VIA FILL|MEASURE CONTACT RESISTANCE|DEPOSIT METAL 1|ANNEAL METAL 1|SPIN COAT PHOTORESIST|SOFT BAKE|ALIGN MASK LEVEL 6|EXPOSE LITHO LEVEL 6|DEVELOP PHOTORESIST|METAL PATTERN INSPECTION|HARD BAKE|METAL ETCH DRY|STRIP RESIST|CLEAN AFTER METAL ETCH|MEASURE LINE WIDTH|DEPOSIT PASSIVATION|CURE PASSIVATION|MEASURE PASSIVATION THICKNESS|OPEN PAD WINDOW|OPEN PAD WINDOW LITHO|DEVELOP PHOTORESIST|PASSIVATION ETCH PAD OPENING|STRIP RESIST|CLEAN PAD OPENING|MEASURE PAD OPENING|BACKSIDE GRIND|MEASURE WAFER THICKNESS|BACKSIDE ETCH CLEAN|BACKSIDE RINSE|BACKSIDE DRY|BACKSIDE METALLIZATION PREP|DEPOSIT BACKSIDE METAL|BACKSIDE ANNEAL|MEASURE BACKSIDE CONTACT|FINAL CLEAN|FINAL THICKNESS MEASURE|FINAL PARTICLE INSPECTION|PARAMETRIC TEST|LEAKAGE TEST|BREAKDOWN VOLTAGE TEST|SWITCHING TEST|YIELD ANALYSIS|WAFER SORT TEST|FINAL LOT RELEASE|SHIP LOT
id_forb_0000,mosfet,RECEIVE WAFER LOT|IMPLANT SOURCE DRAIN|LOT IDENTIFICATION|PRE CLEAN INSPECTION|MEASURE THICKNESS|PRE CLEAN WAFER|FRONTSIDE CLEAN|RCA CLEAN 1|WET CLEAN RCA2|HF DIP|DRY WAFER|SUBSTRATE CHECK|EPITAXY PREP|EPITAXIAL DEPOSITION|MEASURE EPITAXY THICKNESS|MEASURE RESISTIVITY|EPITAXY ANNEAL|WAFER SURFACE CLEAN|THERMAL OXIDATION|MEASURE OXIDE THICKNESS|SPIN COAT PHOTORESIST|SOFT BAKE|ALIGN MASK LEVEL 1|EXPOSE LITHO LEVEL 1|POST EXPOSE BAKE|DEVELOP PHOTORESIST|PATTERN INSPECTION LEVEL 1|HARD BAKE|OXIDE ETCH|STRIP PHOTORESIST|CLEAN AFTER ETCH|IMPLANT WELL|PRE ANNEAL CHECK|DRIVE IN DIFFUSION|RAPID THERMAL ANNEAL|MEASURE JUNCTION DEPTH|THERMAL OXIDATION|GATE OXIDE PREP|GATE OXIDE GROWTH|MEASURE GATE OXIDE THICKNESS|DEPOSIT POLYSILICON|POLYSILICON ANNEAL|MEASURE POLY THICKNESS|SPIN COAT PHOTORESIST|SOFT BAKE|ALIGN MASK LEVEL 2|EXPOSE LITHO LEVEL 2|DEVELOP PHOTORESIST|POLY PATTERN INSPECTION|POLYSILICON ETCH|STRIP RESIST|CLEAN AFTER POLY ETCH|MEASURE GATE CD|PRE ANNEAL CHECK|LIGHT ANNEAL|MEASURE SHEET RESISTANCE|DEPOSIT SPACER DIELECTRIC|ANISOTROPIC ETCH SPACER|IMPLANT LDD|RAPID THERMAL ANNEAL|DEPOSIT INTERLAYER DIELECTRIC|DENSIFY OXIDE|MEASURE FILM THICKNESS|CMP INTERLAYER DIELECTRIC|MEASURE PLANARITY|SPIN COAT PHOTORESIST|SOFT BAKE|ALIGN MASK LEVEL 3|EXPOSE LITHO LEVEL 3|DEVELOP PHOTORESIST|VIA INSPECTION|VIA ETCH|STRIP RESIST|CLEAN AFTER VIA ETCH|DEPOSIT BARRIER METAL|DEPOSIT METAL SEED|FILL VIA METAL|CMP METAL|MEASURE CONTACT RESISTANCE|DEPOSIT TOP METAL|ANNEAL METAL|MEASURE METAL THICKNESS|SPIN COAT PHOTORESIST|SOFT BAKE|ALIGN MASK LEVEL 4|EXPOSE LITHO LEVEL 4|DEVELOP PHOTORESIST|METAL PATTERN INSPECTION|METAL ETCH|STRIP PHOTORESIST|CLEAN AFTER METAL ETCH|MEASURE LINE WIDTH|DEPOSIT PASSIVATION|CURE PASSIVATION|MEASURE PASSIVATION QUALITY|OPEN PAD WINDOW|PAD WINDOW LITHO|DEVELOP PAD WINDOW|PASSIVATION ETCH|STRIP RESIST|CLEAN PAD OPENING|MEASURE PAD OPENING|BACKSIDE CLEAN|BACKSIDE GRIND|MEASURE THICKNESS|BACKSIDE ETCH CLEAN|BACKSIDE RINSE|BACKSIDE DRY|BACKSIDE METALLIZATION PREP|DEPOSIT BACKSIDE METAL|BACKSIDE ANNEAL|MEASURE BACKSIDE CONTACT|FINAL CLEAN|FINAL THICKNESS MEASURE|FINAL GEOMETRY CHECK|ELECTRICAL PARAMETRIC TEST|LEAKAGE TEST|THRESHOLD VOLTAGE TEST|SWITCHING TEST|WAFER SORT TEST|YIELD ANALYSIS|FINAL LOT RELEASE|SHIP LOT
id_forb_0037,igbt,RECEIVE WAFER LOT|SHIP LOT|LOT IDENTIFICATION|INITIAL WAFER INSPECTION|MEASURE INITIAL THICKNESS|MEASURE SURFACE PARTICLES|PRE CLEAN WAFER|BACKSIDE CLEAN|FRONTSIDE CLEAN|RCA CLEAN 1|WET CLEAN RCA2|HF DIP|DRY WAFER|EPITAXIAL WAFER CHECK|MEASURE EPITAXY THICKNESS|MEASURE RESISTIVITY|EPITAXIAL LAYER PREP|THERMAL OXIDATION|MEASURE OXIDE THICKNESS|SPIN COAT PHOTORESIST|SOFT BAKE|ALIGN MASK LEVEL 1|EXPOSE LITHO LEVEL 1|DEVELOP PHOTORESIST|INSPECT PATTERN LEVEL 1|OXIDE ETCH DRY|STRIP PHOTORESIST|CLEAN AFTER OXIDE ETCH|MEASURE OPENING CD|IMPLANT P BODY|DRIVE IN DIFFUSION|RAPID THERMAL ANNEAL|MEASURE JUNCTION DEPTH|THERMAL OXIDATION|SPIN COAT PHOTORESIST|SOFT BAKE|ALIGN MASK LEVEL 2|EXPOSE LITHO LEVEL 2|POST EXPOSE BAKE|DEVELOP PHOTORESIST|P BODY WINDOW INSPECTION|ETCH SILICON OR OXIDE WINDOW|STRIP PHOTORESIST|CLEAN AFTER WINDOW ETCH|MEASURE WINDOW CD|IMPLANT N BUFFER|RAPID THERMAL ANNEAL|MEASURE SHEET RESISTANCE|EPITAXIAL REWORK CHECK|DEPOSIT FIELD OXIDE|DENSIFY OXIDE|SPIN COAT PHOTORESIST|SOFT BAKE|ALIGN MASK LEVEL 3|EXPOSE LITHO LEVEL 3|POST EXPOSE BAKE|DEVELOP PHOTORESIST|FIELD PATTERN INSPECTION|HARD BAKE|FIELD OXIDE ETCH|STRIP PHOTORESIST|CLEAN AFTER FIELD ETCH|MEASURE SURFACE UNIFORMITY|IMPLANT SOURCE REGION|IMPLANT DRAIN / CATHODE REGION|PRE ANNEAL CHECK|RAPID THERMAL ANNEAL|MEASURE SHEET RESISTANCE|DEPOSIT GATE OXIDE OR DIELECTRIC|ANNEAL DIELECTRIC|MEASURE OXIDE QUALITY|DEPOSIT POLYSILICON|POLYSILICON ANNEAL|MEASURE POLY THICKNESS|SPIN COAT PHOTORESIST|SOFT BAKE|ALIGN MASK LEVEL 4|EXPOSE LITHO LEVEL 4|DEVELOP PHOTORESIST|POLY PATTERN INSPECTION|POLYSILICON ETCH DRY|STRIP RESIST|CLEAN AFTER POLY ETCH|MEASURE GATE CD|IMPLANT CHANNEL STOP|PRE ANNEAL CHECK|RAPID THERMAL ANNEAL|MEASURE DEVICE PARAMETER|DEPOSIT INTERLEVEL DIELECTRIC|DENSIFY OXIDE|MEASURE DIELECTRIC THICKNESS|CMP INTERLAYER DIELECTRIC|MEASURE PLANARITY|SPIN COAT PHOTORESIST|SOFT BAKE|ALIGN MASK LEVEL 5|EXPOSE LITHO LEVEL 5|DEVELOP PHOTORESIST|VIA INSPECTION|VIA ETCH THROUGH DIELECTRIC|STRIP PHOTORESIST|CLEAN AFTER VIA ETCH|MEASURE VIA CD|DEPOSIT BARRIER METAL|DEPOSIT METAL SEED|FILL VIA METAL|CMP VIA FILL|MEASURE VIA RESISTANCE|DEPOSIT METAL 1|ANNEAL METAL|SPIN COAT PHOTORESIST|SOFT BAKE|ALIGN MASK LEVEL 6|EXPOSE LITHO LEVEL 6|DEVELOP PHOTORESIST|METAL PATTERN INSPECTION|METAL ETCH DRY|STRIP RESIST|CLEAN AFTER METAL ETCH|MEASURE LINE WIDTH|DEPOSIT PASSIVATION LAYER|CURE PASSIVATION|MEASURE PASSIVATION THICKNESS|OPEN PAD WINDOW|OPEN PAD WINDOW LITHO|DEVELOP PHOTORESIST|PASSIVATION ETCH PAD OPENING|STRIP PHOTORESIST|CLEAN PAD OPENING|MEASURE PAD OPENING|BACKSIDE GRIND|MEASURE WAFER THICKNESS|BACKSIDE ETCH CLEAN|BACKSIDE RINSE|BACKSIDE DRY|BACKSIDE METALLIZATION PREP|DEPOSIT BACKSIDE METAL|BACKSIDE ANNEAL|MEASURE BACKSIDE CONTACT|FINAL CLEAN|FINAL GEOMETRY CHECK|FINAL CD INSPECTION|FINAL PARTICLE INSPECTION|PARAMETRIC TEST|LEAKAGE TEST|BREAKDOWN VOLTAGE TEST|SWITCHING TEST|WAFER SORT TEST|YIELD ANALYSIS|FINAL LOT RELEASE
id_forb_0017,mosfet,RECEIVE WAFER LOT|LOT IDENTIFICATION|INITIAL WAFER INSPECTION|MEASURE THICKNESS|MEASURE SURFACE PARTICLES|PRE CLEAN WAFER|BACKSIDE CLEAN|WET CLEAN RCA1|RCA CLEAN 2|HF DIP|SUBSTRATE CHECK|EPITAXY PREP|EPITAXIAL DEPOSITION|MEASURE EPITAXY THICKNESS|MEASURE RESISTIVITY|EPITAXY ANNEAL|WAFER SURFACE CLEAN|THERMAL OXIDATION|MEASURE OXIDE THICKNESS|SPIN COAT PHOTORESIST|SOFT BAKE|ALIGN MASK LEVEL 1|EXPOSE LITHO LEVEL 1|DEVELOP PHOTORESIST|PATTERN INSPECTION LEVEL 1|OXIDE ETCH|STRIP RESIST|CLEAN AFTER ETCH|MEASURE OPENING CD|IMPLANT WELL|DRIVE IN DIFFUSION|RAPID THERMAL ANNEAL|MEASURE JUNCTION DEPTH|THERMAL OXIDATION|GATE OXIDE PREP|GATE OXIDE GROWTH|MEASURE GATE OXIDE THICKNESS|DEPOSIT POLYSILICON|POLYSILICON ANNEAL|MEASURE POLY THICKNESS|SPIN COAT PHOTORESIST|SOFT BAKE|ALIGN MASK LEVEL 2|EXPOSE LITHO LEVEL 2|DEVELOP PHOTORESIST|POLY PATTERN INSPECTION|POLYSILICON ETCH|STRIP PHOTORESIST|CLEAN AFTER POLY ETCH|IMPLANT SOURCE DRAIN|LIGHT ANNEAL|MEASURE SHEET RESISTANCE|DEPOSIT SPACER DIELECTRIC|ANISOTROPIC ETCH SPACER|MEASURE SPACER WIDTH|IMPLANT LDD|RAPID THERMAL ANNEAL|MEASURE JUNCTION PROFILE|DEPOSIT INTERLEVEL DIELECTRIC|DENSIFY OXIDE|MEASURE FILM THICKNESS|CMP INTERLAYER DIELECTRIC|MEASURE SURFACE PLANARITY|SPIN COAT PHOTORESIST|SOFT BAKE|ALIGN MASK LEVEL 3|EXPOSE LITHO LEVEL 3|VIA OPENING INSPECTION|HARD BAKE|VIA ETCH THROUGH DIELECTRIC|STRIP RESIST|CLEAN AFTER VIA ETCH|MEASURE VIA CD|DEPOSIT BARRIER METAL|DEPOSIT METAL SEED|FILL VIA METAL|CMP METAL|DEPOSIT TOP METAL|ANNEAL METAL|SPIN COAT PHOTORESIST|SOFT BAKE|ALIGN MASK LEVEL 4|EXPOSE LITHO LEVEL 4|DEVELOP PHOTORESIST|METAL PATTERN INSPECTION|METAL ETCH|STRIP PHOTORESIST|CLEAN AFTER METAL ETCH|DEPOSIT PASSIVATION LAYER|CURE PASSIVATION|MEASURE PASSIVATION QUALITY|OPEN PAD WINDOW|PAD WINDOW LITHO|DEVELOP PAD WINDOW|PASSIVATION ETCH|STRIP RESIST|CLEAN PAD OPENING|MEASURE PAD OPENING|BACKSIDE CLEAN|BACKSIDE GRIND|MEASURE WAFER THICKNESS|BACKSIDE ETCH CLEAN|BACKSIDE RINSE|BACKSIDE DRY|BACKSIDE METALLIZATION PREP|DEPOSIT BACKSIDE METAL|BACKSIDE ANNEAL|MEASURE BACKSIDE CONTACT|FINAL CLEAN|FINAL GEOMETRY CHECK|PARAMETRIC TEST|LEAKAGE TEST|THRESHOLD VOLTAGE TEST|SWITCHING TEST|WAFER SORT TEST|YIELD ANALYSIS|FINAL LOT RELEASE|SHIP LOT
id_forb_0006,mosfet,RECEIVE WAFER LOT|LOT IDENTIFICATION|INITIAL WAFER INSPECTION|MEASURE THICKNESS|MEASURE SURFACE PARTICLES|SUBSTRATE CHECK|EPITAXY PREP|EPITAXIAL DEPOSITION|MEASURE EPITAXY THICKNESS|MEASURE RESISTIVITY|EPITAXY ANNEAL|WAFER SURFACE CLEAN|THERMAL OXIDATION|MEASURE OXIDE THICKNESS|SPIN COAT PHOTORESIST|SOFT BAKE|ALIGN MASK LEVEL 1|EXPOSE LITHO LEVEL 1|DEVELOP PHOTORESIST|PATTERN INSPECTION LEVEL 1|OXIDE ETCH|STRIP PHOTORESIST|CLEAN AFTER ETCH|MEASURE OPENING CD|IMPLANT WELL|DRIVE IN DIFFUSION|RAPID THERMAL ANNEAL|THERMAL OXIDATION|GATE OXIDE PREP|GATE OXIDE GROWTH|MEASURE GATE OXIDE THICKNESS|DEPOSIT POLYSILICON|POLYSILICON ANNEAL|MEASURE POLY THICKNESS|SPIN COAT PHOTORESIST|SOFT BAKE|ALIGN MASK LEVEL 2|EXPOSE LITHO LEVEL 2|DEVELOP PHOTORESIST|POLY PATTERN INSPECTION|POLYSILICON ETCH|STRIP PHOTORESIST|CLEAN AFTER POLY ETCH|MEASURE GATE CD|IMPLANT SOURCE DRAIN|LIGHT ANNEAL|MEASURE SHEET RESISTANCE|DEPOSIT SPACER DIELECTRIC|ANISOTROPIC ETCH SPACER|MEASURE SPACER WIDTH|IMPLANT LDD|PRE ANNEAL CHECK|RAPID THERMAL ANNEAL|MEASURE JUNCTION PROFILE|DEPOSIT INTERLAYER DIELECTRIC|DENSIFY DIELECTRIC|MEASURE FILM THICKNESS|CMP DIELECTRIC|MEASURE SURFACE PLANARITY|SPIN COAT PHOTORESIST|SOFT BAKE|ALIGN MASK LEVEL 3|EXPOSE LITHO LEVEL 3|DEVELOP PHOTORESIST|VIA OPENING INSPECTION|HARD BAKE|VIA ETCH|STRIP RESIST|CLEAN AFTER VIA ETCH|MEASURE VIA CD|DEPOSIT BARRIER METAL|DEPOSIT METAL SEED|FILL VIA METAL|CMP VIA FILL|MEASURE CONTACT RESISTANCE|DEPOSIT METAL 1|ANNEAL METAL|SPIN COAT PHOTORESIST|SOFT BAKE|ALIGN MASK LEVEL 4|EXPOSE LITHO LEVEL 4|POST EXPOSE BAKE|DEVELOP PHOTORESIST|METAL PATTERN INSPECTION|METAL ETCH|STRIP PHOTORESIST|CLEAN AFTER METAL ETCH|MEASURE LINE WIDTH|DEPOSIT PASSIVATION LAYER|CURE PASSIVATION|MEASURE PASSIVATION QUALITY|OPEN PAD WINDOW|OPEN PAD WINDOW LITHO|DEVELOP PHOTORESIST|PASSIVATION ETCH PAD OPENING|STRIP RESIST|CLEAN PAD OPENING|MEASURE PAD OPENING|BACKSIDE CLEAN|BACKSIDE GRIND|MEASURE THICKNESS|BACKSIDE ETCH CLEAN|BACKSIDE RINSE|BACKSIDE DRY|BACKSIDE METALLIZATION PREP|DEPOSIT BACKSIDE METAL|BACKSIDE ANNEAL|MEASURE BACKSIDE CONTACT|FINAL CLEAN|FINAL THICKNESS MEASURE|FINAL GEOMETRY CHECK|FINAL PARTICLE INSPECTION|ELECTRICAL PARAMETRIC TEST|LEAKAGE TEST|THRESHOLD VOLTAGE TEST|SWITCHING TEST|WAFER SORT TEST|YIELD ANALYSIS|LOT RELEASE|SHIP LOT
id_valid_0026,mosfet,RECEIVE WAFER LOT|LOT IDENTIFICATION|PRE CLEAN INSPECTION|MEASURE THICKNESS|MEASURE SURFACE PARTICLES|PRE CLEAN WAFER|RCA CLEAN 1|WET CLEAN RCA2|HF DIP|SUBSTRATE CHECK|EPITAXY PREP|EPITAXIAL DEPOSITION|MEASURE EPITAXY THICKNESS|MEASURE RESISTIVITY|EPITAXY ANNEAL|WAFER SURFACE CLEAN|THERMAL OXIDATION|MEASURE OXIDE THICKNESS|SPIN COAT PHOTORESIST|SOFT BAKE|ALIGN MASK LEVEL 1|EXPOSE LITHO LEVEL 1|DEVELOP PHOTORESIST|PATTERN INSPECTION LEVEL 1|OXIDE ETCH|STRIP RESIST|CLEAN AFTER ETCH|IMPLANT WELL|PRE ANNEAL CHECK|DRIVE IN DIFFUSION|RAPID THERMAL ANNEAL|MEASURE JUNCTION DEPTH|THERMAL OXIDATION|GATE OXIDE PREP|GATE OXIDE GROWTH|MEASURE GATE OXIDE THICKNESS|DEPOSIT POLYSILICON|POLYSILICON ANNEAL|MEASURE POLY THICKNESS|SPIN COAT PHOTORESIST|SOFT BAKE|ALIGN MASK LEVEL 2|EXPOSE LITHO LEVEL 2|DEVELOP PHOTORESIST|POLY PATTERN INSPECTION|HARD BAKE|POLYSILICON ETCH|STRIP RESIST|CLEAN AFTER POLY ETCH|MEASURE GATE CD|IMPLANT SOURCE DRAIN|LIGHT ANNEAL|MEASURE SHEET RESISTANCE|DEPOSIT SPACER DIELECTRIC|ANISOTROPIC ETCH SPACER|MEASURE SPACER WIDTH|IMPLANT LDD|PRE ANNEAL CHECK|RAPID THERMAL ANNEAL|MEASURE JUNCTION PROFILE|DEPOSIT INTERLAYER DIELECTRIC|DENSIFY OXIDE|MEASURE FILM THICKNESS|CMP DIELECTRIC|MEASURE PLANARITY|SPIN COAT PHOTORESIST|SOFT BAKE|ALIGN MASK LEVEL 3|EXPOSE LITHO LEVEL 3|DEVELOP PHOTORESIST|VIA OPENING INSPECTION|HARD BAKE|VIA ETCH|STRIP PHOTORESIST|CLEAN AFTER VIA ETCH|MEASURE VIA CD|DEPOSIT BARRIER METAL|DEPOSIT METAL SEED|FILL VIA METAL|CMP METAL|DEPOSIT TOP METAL|ANNEAL METAL|MEASURE METAL THICKNESS|SPIN COAT PHOTORESIST|SOFT BAKE|ALIGN MASK LEVEL 4|EXPOSE LITHO LEVEL 4|POST EXPOSE BAKE|DEVELOP PHOTORESIST|METAL PATTERN INSPECTION|HARD BAKE|METAL ETCH|STRIP RESIST|CLEAN AFTER METAL ETCH|MEASURE LINE WIDTH|DEPOSIT PASSIVATION|CURE PASSIVATION|MEASURE PASSIVATION THICKNESS|OPEN PAD WINDOW|OPEN PAD WINDOW LITHO|DEVELOP PAD WINDOW|PASSIVATION ETCH PAD OPENING|STRIP PHOTORESIST|CLEAN PAD OPENING|MEASURE PAD OPENING|BACKSIDE CLEAN|BACKSIDE GRIND|MEASURE THICKNESS|BACKSIDE ETCH CLEAN|BACKSIDE RINSE|BACKSIDE DRY|BACKSIDE METALLIZATION PREP|DEPOSIT BACKSIDE METAL|BACKSIDE ANNEAL|MEASURE BACKSIDE CONTACT|FINAL CLEAN|FINAL THICKNESS MEASURE|FINAL GEOMETRY CHECK|PARAMETRIC TEST|LEAKAGE TEST|THRESHOLD VOLTAGE TEST|SWITCHING TEST|WAFER SORT TEST|YIELD ANALYSIS|LOT RELEASE|SHIP LOT
id_valid_0012,mosfet,RECEIVE WAFER LOT|LOT IDENTIFICATION|INITIAL WAFER INSPECTION|MEASURE SURFACE PARTICLES|PRE CLEAN WAFER|BACKSIDE CLEAN|FRONTSIDE CLEAN|RCA CLEAN 1|WET CLEAN RCA2|HF DIP|DRY WAFER|SUBSTRATE CHECK|EPITAXY PREP|EPITAXIAL DEPOSITION|MEASURE EPITAXY THICKNESS|MEASURE RESISTIVITY|EPITAXY ANNEAL|WAFER SURFACE CLEAN|THERMAL OXIDATION|MEASURE OXIDE THICKNESS|SPIN COAT PHOTORESIST|SOFT BAKE|ALIGN MASK LEVEL 1|EXPOSE LITHO LEVEL 1|DEVELOP PHOTORESIST|PATTERN INSPECTION LEVEL 1|HARD BAKE|OXIDE ETCH|STRIP RESIST|CLEAN AFTER ETCH|IMPLANT WELL|PRE ANNEAL CHECK|DRIVE IN DIFFUSION|RAPID THERMAL ANNEAL|MEASURE JUNCTION DEPTH|THERMAL OXIDATION|GATE OXIDE PREP|GATE OXIDE GROWTH|MEASURE GATE OXIDE THICKNESS|DEPOSIT POLYSILICON|POLYSILICON ANNEAL|MEASURE POLY THICKNESS|SPIN COAT PHOTORESIST|SOFT BAKE|ALIGN MASK LEVEL 2|EXPOSE LITHO LEVEL 2|DEVELOP PHOTORESIST|POLY PATTERN INSPECTION|HARD BAKE|POLYSILICON ETCH|STRIP RESIST|CLEAN AFTER POLY ETCH|MEASURE GATE CD|IMPLANT SOURCE DRAIN|PRE ANNEAL CHECK|LIGHT ANNEAL|MEASURE SHEET RESISTANCE|DEPOSIT SPACER DIELECTRIC|ANISOTROPIC ETCH SPACER|IMPLANT LDD|RAPID THERMAL ANNEAL|MEASURE JUNCTION PROFILE|DEPOSIT INTERLAYER DIELECTRIC|DENSIFY DIELECTRIC|MEASURE DIELECTRIC THICKNESS|CMP DIELECTRIC|MEASURE PLANARITY|SPIN COAT PHOTORESIST|SOFT BAKE|ALIGN MASK LEVEL 3|EXPOSE LITHO LEVEL 3|POST EXPOSE BAKE|DEVELOP PHOTORESIST|VIA OPENING INSPECTION|HARD BAKE|VIA ETCH|STRIP RESIST|CLEAN AFTER VIA ETCH|DEPOSIT BARRIER METAL|DEPOSIT METAL SEED|FILL VIA METAL|CMP METAL|MEASURE VIA RESISTANCE|DEPOSIT TOP METAL|ANNEAL METAL 1|MEASURE METAL THICKNESS|SPIN COAT PHOTORESIST|SOFT BAKE|ALIGN MASK LEVEL 4|EXPOSE LITHO LEVEL 4|DEVELOP PHOTORESIST|METAL PATTERN INSPECTION|METAL ETCH|STRIP PHOTORESIST|CLEAN AFTER METAL ETCH|MEASURE LINE WIDTH|DEPOSIT PASSIVATION|CURE PASSIVATION|MEASURE PASSIVATION THICKNESS|OPEN PAD WINDOW|OPEN PAD WINDOW LITHO|DEVELOP PAD WINDOW|PASSIVATION ETCH|STRIP PHOTORESIST|CLEAN PAD OPENING|MEASURE PAD OPENING|BACKSIDE CLEAN|BACKSIDE GRIND|MEASURE THICKNESS|BACKSIDE ETCH CLEAN|BACKSIDE RINSE|BACKSIDE DRY|BACKSIDE METALLIZATION PREP|DEPOSIT BACKSIDE METAL|BACKSIDE ANNEAL|MEASURE BACKSIDE CONTACT|FINAL CLEAN|FINAL THICKNESS MEASURE|FINAL GEOMETRY CHECK|FINAL PARTICLE INSPECTION|PARAMETRIC TEST|LEAKAGE TEST|THRESHOLD VOLTAGE TEST|SWITCHING TEST|WAFER SORT TEST|YIELD ANALYSIS|FINAL LOT RELEASE|SHIP LOT
